30 0.533333333333
31 0.566666666667
32 0.566666666667
33 0.566666666667
34 0.566666666667
35 0.533333333333
36 0.533333333333
37 0.5
38 0.5
39 0.466666666667
40 0.5
41 0.5
42 0.5
43 0.533333333333
44 0.566666666667
45 0.566666666667
46 0.533333333333
47 0.566666666667
48 0.6
49 0.6
50 0.633333333333
51 0.633333333333
52 0.6
53 0.633333333333
54 0.6
55 0.6
56 0.6
57 0.566666666667
58 0.566666666667
59 0.566666666667
60 0.566666666667
61 0.566666666667
62 0.533333333333
63 0.533333333333
64 0.533333333333
65 0.566666666667
66 0.566666666667
67 0.6
68 0.6
69 0.6
70 0.566666666667
71 0.566666666667
72 0.566666666667
73 0.566666666667
74 0.533333333333
75 0.533333333333
76 0.566666666667
77 0.533333333333
78 0.533333333333
79 0.533333333333
80 0.533333333333
81 0.533333333333
82 0.533333333333
83 0.5
84 0.5
85 0.5
86 0.466666666667
87 0.5
88 0.5
89 0.466666666667
90 0.433333333333
91 0.433333333333
92 0.433333333333
93 0.466666666667
94 0.433333333333
95 0.433333333333
96 0.466666666667
97 0.466666666667
98 0.433333333333
99 0.466666666667
100 0.466666666667
101 0.466666666667
102 0.466666666667
103 0.466666666667
104 0.466666666667
105 0.466666666667
106 0.466666666667
107 0.466666666667
108 0.466666666667
109 0.5
110 0.466666666667
111 0.466666666667
112 0.5
113 0.533333333333
114 0.566666666667
115 0.566666666667
116 0.566666666667
117 0.566666666667
118 0.566666666667
119 0.6
120 0.633333333333
121 0.633333333333
122 0.666666666667
123 0.666666666667
124 0.666666666667
125 0.666666666667
126 0.666666666667
127 0.666666666667
128 0.666666666667
129 0.666666666667
130 0.7
131 0.7
132 0.733333333333
133 0.7
134 0.733333333333
135 0.733333333333
136 0.733333333333
137 0.766666666667
138 0.766666666667
139 0.733333333333
140 0.766666666667
141 0.8
142 0.8
143 0.766666666667
144 0.766666666667
145 0.733333333333
146 0.766666666667
147 0.766666666667
148 0.8
149 0.8
150 0.8
151 0.8
152 0.8
153 0.8
154 0.8
155 0.8
156 0.8
157 0.8
158 0.8
159 0.8
160 0.8
161 0.766666666667
162 0.766666666667
163 0.8
164 0.766666666667
165 0.733333333333
166 0.733333333333
167 0.7
168 0.666666666667
169 0.7
170 0.7
171 0.666666666667
172 0.666666666667
173 0.7
174 0.7
175 0.7
176 0.7
177 0.7
178 0.7
179 0.666666666667
180 0.633333333333
181 0.633333333333
182 0.6
183 0.566666666667
184 0.6
185 0.6
186 0.6
187 0.566666666667
188 0.6
189 0.6
190 0.566666666667
191 0.566666666667
192 0.566666666667
193 0.566666666667
194 0.6
195 0.6
196 0.6
197 0.633333333333
198 0.633333333333
199 0.633333333333
200 0.6
201 0.633333333333
202 0.633333333333
203 0.6
204 0.566666666667
205 0.6
206 0.6
207 0.6
208 0.6
209 0.633333333333
210 0.666666666667
211 0.666666666667
212 0.666666666667
213 0.666666666667
214 0.666666666667
215 0.666666666667
216 0.666666666667
217 0.7
218 0.7
219 0.7
220 0.733333333333
221 0.766666666667
222 0.766666666667
223 0.766666666667
224 0.733333333333
225 0.733333333333
226 0.733333333333
227 0.7
228 0.7
229 0.666666666667
230 0.7
231 0.7
232 0.7
233 0.733333333333
234 0.733333333333
235 0.733333333333
236 0.733333333333
237 0.733333333333
238 0.7
239 0.7
240 0.7
241 0.7
242 0.7
243 0.733333333333
244 0.733333333333
245 0.733333333333
246 0.733333333333
247 0.733333333333
248 0.733333333333
249 0.7
250 0.7
251 0.7
252 0.7
253 0.666666666667
254 0.666666666667
255 0.666666666667
256 0.633333333333
257 0.666666666667
258 0.666666666667
259 0.7
260 0.7
261 0.666666666667
262 0.666666666667
263 0.633333333333
264 0.666666666667
265 0.633333333333
266 0.6
267 0.6
268 0.6
269 0.566666666667
270 0.533333333333
271 0.533333333333
272 0.566666666667
273 0.566666666667
274 0.566666666667
275 0.566666666667
276 0.566666666667
277 0.533333333333
278 0.533333333333
279 0.566666666667
280 0.533333333333
281 0.5
282 0.5
283 0.533333333333
284 0.566666666667
285 0.6
286 0.633333333333
287 0.633333333333
288 0.666666666667
289 0.633333333333
290 0.633333333333
291 0.666666666667
292 0.666666666667
293 0.7
294 0.666666666667
295 0.7
296 0.7
297 0.7
298 0.7
299 0.7
300 0.7
301 0.666666666667
302 0.666666666667
303 0.633333333333
304 0.6
305 0.566666666667
306 0.566666666667
307 0.6
308 0.6
309 0.566666666667
310 0.6
311 0.6
312 0.566666666667
313 0.533333333333
314 0.533333333333
315 0.5
316 0.5
317 0.5
318 0.5
319 0.533333333333
320 0.5
321 0.5
322 0.5
323 0.466666666667
324 0.5
325 0.466666666667
326 0.5
327 0.5
328 0.533333333333
329 0.533333333333
330 0.566666666667
331 0.6
332 0.566666666667
333 0.6
334 0.6
335 0.6
336 0.6
337 0.566666666667
338 0.566666666667
339 0.566666666667
340 0.566666666667
341 0.6
342 0.633333333333
343 0.633333333333
344 0.633333333333
345 0.666666666667
346 0.666666666667
347 0.633333333333
348 0.6
349 0.566666666667
350 0.6
351 0.6
352 0.566666666667
353 0.6
354 0.6
355 0.633333333333
356 0.633333333333
357 0.6
358 0.6
359 0.633333333333
360 0.633333333333
361 0.6
362 0.633333333333
363 0.633333333333
364 0.666666666667
365 0.7
366 0.7
367 0.7
368 0.7
369 0.733333333333
370 0.7
371 0.666666666667
372 0.666666666667
373 0.7
374 0.7
375 0.666666666667
376 0.633333333333
377 0.666666666667
378 0.7
379 0.733333333333
380 0.733333333333
381 0.733333333333
382 0.766666666667
383 0.766666666667
384 0.766666666667
385 0.766666666667
386 0.766666666667
387 0.8
388 0.8
389 0.8
390 0.8
391 0.8
392 0.766666666667
393 0.766666666667
394 0.766666666667
395 0.733333333333
396 0.733333333333
397 0.733333333333
398 0.733333333333
399 0.7
400 0.733333333333
401 0.733333333333
402 0.7
403 0.666666666667
404 0.666666666667
405 0.7
406 0.7
407 0.7
408 0.7
409 0.7
410 0.7
411 0.7
412 0.666666666667
413 0.633333333333
414 0.633333333333
415 0.633333333333
416 0.633333333333
417 0.6
418 0.6
419 0.6
420 0.566666666667
421 0.6
422 0.633333333333
423 0.633333333333
424 0.633333333333
425 0.666666666667
426 0.633333333333
427 0.633333333333
428 0.6
429 0.6
430 0.6
431 0.6
432 0.633333333333
433 0.666666666667
434 0.666666666667
435 0.666666666667
436 0.7
437 0.7
438 0.7
439 0.7
440 0.7
441 0.7
442 0.7
443 0.733333333333
444 0.733333333333
445 0.7
446 0.7
447 0.733333333333
448 0.733333333333
449 0.7
450 0.733333333333
451 0.7
452 0.7
453 0.666666666667
454 0.666666666667
455 0.666666666667
456 0.666666666667
457 0.7
458 0.733333333333
459 0.733333333333
460 0.733333333333
461 0.766666666667
462 0.766666666667
463 0.733333333333
464 0.733333333333
465 0.733333333333
466 0.7
467 0.7
468 0.7
469 0.7
470 0.7
471 0.666666666667
472 0.7
473 0.7
474 0.666666666667
475 0.666666666667
476 0.666666666667
477 0.633333333333
478 0.633333333333
479 0.633333333333
480 0.6
481 0.633333333333
482 0.6
483 0.6
484 0.566666666667
485 0.566666666667
486 0.6
487 0.6
488 0.566666666667
489 0.566666666667
490 0.566666666667
491 0.566666666667
492 0.566666666667
493 0.6
494 0.6
495 0.566666666667
496 0.6
497 0.566666666667
498 0.566666666667
499 0.566666666667
500 0.566666666667
501 0.6
502 0.6
503 0.6
504 0.633333333333
505 0.666666666667
506 0.666666666667
507 0.7
508 0.666666666667
509 0.7
510 0.733333333333
511 0.733333333333
512 0.766666666667
513 0.8
514 0.8
515 0.766666666667
516 0.766666666667
517 0.766666666667
518 0.8
519 0.833333333333
520 0.8
521 0.766666666667
522 0.733333333333
523 0.733333333333
524 0.733333333333
525 0.766666666667
526 0.766666666667
527 0.8
528 0.8
529 0.8
530 0.8
531 0.766666666667
532 0.733333333333
533 0.733333333333
534 0.7
535 0.7
536 0.666666666667
537 0.666666666667
538 0.7
539 0.7
540 0.666666666667
541 0.666666666667
542 0.633333333333
543 0.633333333333
544 0.633333333333
545 0.633333333333
546 0.633333333333
547 0.633333333333
548 0.633333333333
549 0.633333333333
550 0.633333333333
551 0.666666666667
552 0.7
553 0.7
554 0.7
555 0.7
556 0.666666666667
557 0.666666666667
558 0.666666666667
559 0.666666666667
560 0.666666666667
561 0.7
562 0.7
563 0.666666666667
564 0.666666666667
565 0.666666666667
566 0.7
567 0.7
568 0.7
569 0.666666666667
570 0.7
571 0.666666666667
572 0.7
573 0.7
574 0.733333333333
575 0.733333333333
576 0.7
577 0.7
578 0.7
579 0.666666666667
580 0.7
581 0.7
582 0.666666666667
583 0.666666666667
584 0.666666666667
585 0.633333333333
586 0.666666666667
587 0.666666666667
588 0.666666666667
589 0.666666666667
590 0.633333333333
591 0.6
592 0.6
593 0.633333333333
594 0.666666666667
595 0.666666666667
596 0.666666666667
597 0.666666666667
598 0.666666666667
599 0.7
600 0.7
601 0.733333333333
602 0.7
603 0.7
604 0.7
605 0.733333333333
606 0.733333333333
607 0.733333333333
608 0.733333333333
609 0.766666666667
610 0.733333333333
611 0.733333333333
612 0.766666666667
613 0.733333333333
614 0.7
615 0.733333333333
616 0.733333333333
617 0.7
618 0.666666666667
619 0.633333333333
620 0.633333333333
621 0.666666666667
622 0.7
623 0.7
624 0.7
625 0.7
626 0.7
627 0.666666666667
628 0.666666666667
629 0.666666666667
630 0.666666666667
631 0.633333333333
632 0.666666666667
633 0.666666666667
634 0.666666666667
635 0.633333333333
636 0.666666666667
637 0.666666666667
638 0.666666666667
639 0.666666666667
640 0.7
641 0.7
642 0.7
643 0.733333333333
644 0.766666666667
645 0.766666666667
646 0.766666666667
647 0.8
648 0.8
649 0.833333333333
650 0.866666666667
651 0.866666666667
652 0.866666666667
653 0.866666666667
654 0.866666666667
655 0.866666666667
656 0.866666666667
657 0.9
658 0.9
659 0.866666666667
660 0.866666666667
661 0.9
662 0.9
663 0.9
664 0.9
665 0.933333333333
666 0.933333333333
667 0.933333333333
668 0.933333333333
669 0.9
670 0.9
671 0.9
672 0.9
673 0.9
674 0.9
675 0.9
676 0.9
677 0.866666666667
678 0.9
679 0.866666666667
680 0.866666666667
681 0.866666666667
682 0.866666666667
683 0.833333333333
684 0.8
685 0.8
686 0.766666666667
687 0.733333333333
688 0.7
689 0.733333333333
690 0.7
691 0.7
692 0.666666666667
693 0.666666666667
694 0.666666666667
695 0.633333333333
696 0.6
697 0.566666666667
698 0.566666666667
699 0.566666666667
700 0.566666666667
701 0.566666666667
702 0.566666666667
703 0.566666666667
704 0.533333333333
705 0.533333333333
706 0.533333333333
707 0.566666666667
708 0.533333333333
709 0.566666666667
710 0.566666666667
711 0.566666666667
712 0.566666666667
713 0.566666666667
714 0.6
715 0.566666666667
716 0.566666666667
717 0.6
718 0.633333333333
719 0.633333333333
720 0.633333333333
721 0.633333333333
722 0.666666666667
723 0.666666666667
724 0.666666666667
725 0.666666666667
726 0.666666666667
727 0.7
728 0.7
729 0.733333333333
730 0.733333333333
731 0.733333333333
732 0.733333333333
733 0.733333333333
734 0.733333333333
735 0.733333333333
736 0.733333333333
737 0.733333333333
738 0.766666666667
739 0.766666666667
740 0.766666666667
741 0.766666666667
742 0.766666666667
743 0.8
744 0.766666666667
745 0.766666666667
746 0.8
747 0.8
748 0.8
749 0.8
750 0.833333333333
751 0.833333333333
752 0.8
753 0.8
754 0.766666666667
755 0.8
756 0.833333333333
757 0.833333333333
758 0.8
759 0.766666666667
760 0.766666666667
761 0.766666666667
762 0.766666666667
763 0.766666666667
764 0.766666666667
765 0.766666666667
766 0.766666666667
767 0.766666666667
768 0.766666666667
769 0.766666666667
770 0.733333333333
771 0.733333333333
772 0.7
773 0.7
774 0.7
775 0.7
776 0.666666666667
777 0.633333333333
778 0.633333333333
779 0.633333333333
780 0.633333333333
781 0.6
782 0.633333333333
783 0.6
784 0.633333333333
785 0.633333333333
786 0.633333333333
787 0.633333333333
788 0.666666666667
789 0.666666666667
790 0.633333333333
791 0.633333333333
792 0.633333333333
793 0.633333333333
794 0.666666666667
795 0.633333333333
796 0.633333333333
797 0.633333333333
798 0.633333333333
799 0.633333333333
800 0.666666666667
801 0.666666666667
802 0.666666666667
803 0.633333333333
804 0.666666666667
805 0.7
806 0.733333333333
807 0.733333333333
808 0.7
809 0.7
810 0.7
811 0.7
812 0.7
813 0.733333333333
814 0.733333333333
815 0.733333333333
816 0.733333333333
817 0.7
818 0.7
819 0.733333333333
820 0.766666666667
821 0.766666666667
822 0.733333333333
823 0.733333333333
824 0.7
825 0.733333333333
826 0.733333333333
827 0.733333333333
828 0.7
829 0.7
830 0.666666666667
831 0.666666666667
832 0.666666666667
833 0.666666666667
834 0.666666666667
835 0.633333333333
836 0.633333333333
837 0.633333333333
838 0.666666666667
839 0.666666666667
840 0.666666666667
841 0.666666666667
842 0.633333333333
843 0.633333333333
844 0.6
845 0.566666666667
846 0.533333333333
847 0.566666666667
848 0.533333333333
849 0.5
850 0.5
851 0.5
852 0.533333333333
853 0.533333333333
854 0.533333333333
855 0.533333333333
856 0.533333333333
857 0.533333333333
858 0.566666666667
859 0.533333333333
860 0.566666666667
861 0.566666666667
862 0.6
863 0.633333333333
864 0.633333333333
865 0.666666666667
866 0.633333333333
867 0.666666666667
868 0.666666666667
869 0.666666666667
870 0.666666666667
871 0.7
872 0.7
873 0.7
874 0.7
875 0.733333333333
876 0.766666666667
877 0.766666666667
878 0.8
879 0.833333333333
880 0.8
881 0.766666666667
882 0.733333333333
883 0.733333333333
884 0.766666666667
885 0.733333333333
886 0.733333333333
887 0.733333333333
888 0.7
889 0.733333333333
890 0.7
891 0.7
892 0.666666666667
893 0.633333333333
894 0.6
895 0.566666666667
896 0.6
897 0.566666666667
898 0.566666666667
899 0.566666666667
900 0.566666666667
901 0.566666666667
902 0.566666666667
903 0.566666666667
904 0.6
905 0.566666666667
906 0.533333333333
907 0.533333333333
908 0.533333333333
909 0.5
910 0.533333333333
911 0.566666666667
912 0.6
913 0.566666666667
914 0.566666666667
915 0.566666666667
916 0.566666666667
917 0.566666666667
918 0.6
919 0.6
920 0.633333333333
921 0.633333333333
922 0.633333333333
923 0.666666666667
924 0.7
925 0.733333333333
926 0.7
927 0.733333333333
928 0.733333333333
929 0.733333333333
930 0.733333333333
931 0.7
932 0.733333333333
933 0.733333333333
934 0.733333333333
935 0.766666666667
936 0.8
937 0.766666666667
938 0.733333333333
939 0.766666666667
940 0.766666666667
941 0.766666666667
942 0.733333333333
943 0.766666666667
944 0.733333333333
945 0.766666666667
946 0.766666666667
947 0.733333333333
948 0.7
949 0.666666666667
950 0.666666666667
951 0.666666666667
952 0.7
953 0.7
954 0.7
955 0.7
956 0.733333333333
957 0.7
958 0.7
959 0.7
960 0.666666666667
961 0.7
962 0.666666666667
963 0.666666666667
964 0.666666666667
965 0.666666666667
966 0.666666666667
967 0.7
968 0.7
969 0.666666666667
970 0.666666666667
971 0.666666666667
972 0.7
973 0.7
974 0.7
975 0.7
976 0.7
977 0.733333333333
978 0.766666666667
979 0.8
980 0.766666666667
981 0.766666666667
982 0.733333333333
983 0.733333333333
984 0.733333333333
985 0.7
986 0.7
987 0.7
988 0.7
989 0.666666666667
990 0.666666666667
991 0.633333333333
992 0.666666666667
993 0.666666666667
994 0.666666666667
995 0.633333333333
996 0.633333333333
997 0.6
998 0.6
999 0.633333333333
1000 0.633333333333
