30 0.6
31 0.633333333333
32 0.6
33 0.566666666667
34 0.533333333333
35 0.533333333333
36 0.566666666667
37 0.6
38 0.566666666667
39 0.6
40 0.566666666667
41 0.566666666667
42 0.6
43 0.566666666667
44 0.533333333333
45 0.5
46 0.5
47 0.5
48 0.533333333333
49 0.533333333333
50 0.533333333333
51 0.533333333333
52 0.566666666667
53 0.566666666667
54 0.6
55 0.6
56 0.6
57 0.633333333333
58 0.633333333333
59 0.6
60 0.633333333333
61 0.6
62 0.633333333333
63 0.666666666667
64 0.7
65 0.666666666667
66 0.666666666667
67 0.666666666667
68 0.7
69 0.666666666667
70 0.7
71 0.7
72 0.7
73 0.733333333333
74 0.733333333333
75 0.766666666667
76 0.766666666667
77 0.733333333333
78 0.733333333333
79 0.733333333333
80 0.7
81 0.666666666667
82 0.666666666667
83 0.666666666667
84 0.666666666667
85 0.666666666667
86 0.633333333333
87 0.633333333333
88 0.633333333333
89 0.633333333333
90 0.633333333333
91 0.666666666667
92 0.666666666667
93 0.633333333333
94 0.633333333333
95 0.666666666667
96 0.633333333333
97 0.633333333333
98 0.6
99 0.633333333333
100 0.633333333333
101 0.6
102 0.6
103 0.6
104 0.633333333333
105 0.6
106 0.566666666667
107 0.6
108 0.6
109 0.6
110 0.633333333333
111 0.633333333333
112 0.633333333333
113 0.633333333333
114 0.6
115 0.6
116 0.633333333333
117 0.633333333333
118 0.6
119 0.633333333333
120 0.633333333333
121 0.6
122 0.6
123 0.6
124 0.566666666667
125 0.566666666667
126 0.6
127 0.566666666667
128 0.566666666667
129 0.533333333333
130 0.5
131 0.5
132 0.5
133 0.5
134 0.5
135 0.533333333333
136 0.566666666667
137 0.566666666667
138 0.533333333333
139 0.566666666667
140 0.566666666667
141 0.6
142 0.6
143 0.633333333333
144 0.666666666667
145 0.666666666667
146 0.633333333333
147 0.633333333333
148 0.633333333333
149 0.633333333333
150 0.633333333333
151 0.666666666667
152 0.666666666667
153 0.7
154 0.733333333333
155 0.733333333333
156 0.7
157 0.733333333333
158 0.766666666667
159 0.8
160 0.833333333333
161 0.866666666667
162 0.866666666667
163 0.866666666667
164 0.833333333333
165 0.833333333333
166 0.833333333333
167 0.833333333333
168 0.866666666667
169 0.866666666667
170 0.866666666667
171 0.866666666667
172 0.866666666667
173 0.866666666667
174 0.833333333333
175 0.8
176 0.8
177 0.766666666667
178 0.8
179 0.766666666667
180 0.766666666667
181 0.733333333333
182 0.733333333333
183 0.7
184 0.7
185 0.7
186 0.733333333333
187 0.733333333333
188 0.733333333333
189 0.733333333333
190 0.7
191 0.7
192 0.7
193 0.666666666667
194 0.666666666667
195 0.666666666667
196 0.633333333333
197 0.633333333333
198 0.633333333333
199 0.633333333333
200 0.633333333333
201 0.6
202 0.6
203 0.6
204 0.633333333333
205 0.666666666667
206 0.7
207 0.733333333333
208 0.7
209 0.733333333333
210 0.733333333333
211 0.733333333333
212 0.733333333333
213 0.766666666667
214 0.766666666667
215 0.766666666667
216 0.766666666667
217 0.766666666667
218 0.733333333333
219 0.733333333333
220 0.733333333333
221 0.7
222 0.666666666667
223 0.7
224 0.7
225 0.666666666667
226 0.7
227 0.7
228 0.7
229 0.7
230 0.7
231 0.733333333333
232 0.733333333333
233 0.7
234 0.666666666667
235 0.666666666667
236 0.633333333333
237 0.6
238 0.633333333333
239 0.633333333333
240 0.633333333333
241 0.666666666667
242 0.633333333333
243 0.6
244 0.6
245 0.566666666667
246 0.533333333333
247 0.5
248 0.533333333333
249 0.533333333333
250 0.566666666667
251 0.6
252 0.6
253 0.6
254 0.6
255 0.633333333333
256 0.633333333333
257 0.633333333333
258 0.633333333333
259 0.633333333333
260 0.633333333333
261 0.6
262 0.6
263 0.633333333333
264 0.666666666667
265 0.666666666667
266 0.7
267 0.733333333333
268 0.733333333333
269 0.733333333333
270 0.733333333333
271 0.7
272 0.7
273 0.733333333333
274 0.7
275 0.733333333333
276 0.766666666667
277 0.8
278 0.766666666667
279 0.733333333333
280 0.733333333333
281 0.733333333333
282 0.766666666667
283 0.766666666667
284 0.8
285 0.8
286 0.766666666667
287 0.766666666667
288 0.766666666667
289 0.766666666667
290 0.733333333333
291 0.733333333333
292 0.7
293 0.666666666667
294 0.666666666667
295 0.633333333333
296 0.633333333333
297 0.6
298 0.6
299 0.566666666667
300 0.533333333333
301 0.566666666667
302 0.6
303 0.6
304 0.6
305 0.6
306 0.6
307 0.566666666667
308 0.566666666667
309 0.566666666667
310 0.566666666667
311 0.533333333333
312 0.533333333333
313 0.5
314 0.466666666667
315 0.466666666667
316 0.5
317 0.466666666667
318 0.466666666667
319 0.466666666667
320 0.5
321 0.5
322 0.533333333333
323 0.566666666667
324 0.566666666667
325 0.6
326 0.6
327 0.6
328 0.6
329 0.633333333333
330 0.666666666667
331 0.666666666667
332 0.666666666667
333 0.666666666667
334 0.666666666667
335 0.633333333333
336 0.6
337 0.633333333333
338 0.666666666667
339 0.666666666667
340 0.666666666667
341 0.666666666667
342 0.666666666667
343 0.7
344 0.733333333333
345 0.733333333333
346 0.733333333333
347 0.733333333333
348 0.733333333333
349 0.733333333333
350 0.733333333333
351 0.766666666667
352 0.766666666667
353 0.766666666667
354 0.733333333333
355 0.7
356 0.666666666667
357 0.7
358 0.666666666667
359 0.666666666667
360 0.633333333333
361 0.6
362 0.6
363 0.6
364 0.633333333333
365 0.666666666667
366 0.7
367 0.666666666667
368 0.666666666667
369 0.7
370 0.7
371 0.733333333333
372 0.7
373 0.7
374 0.7
375 0.7
376 0.7
377 0.733333333333
378 0.733333333333
379 0.7
380 0.666666666667
381 0.666666666667
382 0.633333333333
383 0.633333333333
384 0.666666666667
385 0.666666666667
386 0.7
387 0.7
388 0.733333333333
389 0.733333333333
390 0.766666666667
391 0.8
392 0.8
393 0.8
394 0.8
395 0.8
396 0.8
397 0.8
398 0.8
399 0.8
400 0.766666666667
401 0.766666666667
402 0.766666666667
403 0.766666666667
404 0.766666666667
405 0.733333333333
406 0.733333333333
407 0.733333333333
408 0.7
409 0.733333333333
410 0.766666666667
411 0.766666666667
412 0.8
413 0.8
414 0.766666666667
415 0.766666666667
416 0.766666666667
417 0.766666666667
418 0.733333333333
419 0.733333333333
420 0.733333333333
421 0.7
422 0.666666666667
423 0.666666666667
424 0.666666666667
425 0.666666666667
426 0.666666666667
427 0.7
428 0.666666666667
429 0.633333333333
430 0.666666666667
431 0.666666666667
432 0.7
433 0.7
434 0.666666666667
435 0.666666666667
436 0.666666666667
437 0.633333333333
438 0.666666666667
439 0.666666666667
440 0.666666666667
441 0.633333333333
442 0.633333333333
443 0.6
444 0.6
445 0.633333333333
446 0.633333333333
447 0.633333333333
448 0.666666666667
449 0.666666666667
450 0.666666666667
451 0.7
452 0.7
453 0.666666666667
454 0.666666666667
455 0.666666666667
456 0.633333333333
457 0.633333333333
458 0.666666666667
459 0.666666666667
460 0.666666666667
461 0.633333333333
462 0.633333333333
463 0.633333333333
464 0.633333333333
465 0.633333333333
466 0.633333333333
467 0.633333333333
468 0.633333333333
469 0.633333333333
470 0.633333333333
471 0.666666666667
472 0.666666666667
473 0.7
474 0.7
475 0.666666666667
476 0.666666666667
477 0.666666666667
478 0.666666666667
479 0.633333333333
480 0.6
481 0.566666666667
482 0.6
483 0.633333333333
484 0.633333333333
485 0.633333333333
486 0.666666666667
487 0.633333333333
488 0.633333333333
489 0.633333333333
490 0.633333333333
491 0.666666666667
492 0.666666666667
493 0.666666666667
494 0.7
495 0.733333333333
496 0.733333333333
497 0.766666666667
498 0.766666666667
499 0.766666666667
500 0.766666666667
501 0.766666666667
502 0.766666666667
503 0.733333333333
504 0.733333333333
505 0.766666666667
506 0.766666666667
507 0.766666666667
508 0.766666666667
509 0.8
510 0.833333333333
511 0.866666666667
512 0.866666666667
513 0.866666666667
514 0.833333333333
515 0.8
516 0.8
517 0.8
518 0.766666666667
519 0.8
520 0.766666666667
521 0.766666666667
522 0.766666666667
523 0.766666666667
524 0.766666666667
525 0.766666666667
526 0.766666666667
527 0.733333333333
528 0.733333333333
529 0.7
530 0.7
531 0.7
532 0.7
533 0.733333333333
534 0.766666666667
535 0.766666666667
536 0.766666666667
537 0.766666666667
538 0.766666666667
539 0.766666666667
540 0.733333333333
541 0.7
542 0.666666666667
543 0.666666666667
544 0.7
545 0.7
546 0.7
547 0.7
548 0.733333333333
549 0.7
550 0.7
551 0.7
552 0.666666666667
553 0.666666666667
554 0.633333333333
555 0.633333333333
556 0.6
557 0.633333333333
558 0.633333333333
559 0.666666666667
560 0.666666666667
561 0.666666666667
562 0.633333333333
563 0.6
564 0.6
565 0.6
566 0.6
567 0.6
568 0.6
569 0.6
570 0.6
571 0.633333333333
572 0.666666666667
573 0.666666666667
574 0.666666666667
575 0.666666666667
576 0.633333333333
577 0.633333333333
578 0.633333333333
579 0.666666666667
580 0.7
581 0.666666666667
582 0.7
583 0.666666666667
584 0.7
585 0.7
586 0.7
587 0.7
588 0.7
589 0.7
590 0.666666666667
591 0.666666666667
592 0.7
593 0.7
594 0.7
595 0.7
596 0.7
597 0.7
598 0.7
599 0.7
600 0.733333333333
601 0.733333333333
602 0.733333333333
603 0.733333333333
604 0.733333333333
605 0.733333333333
606 0.733333333333
607 0.766666666667
608 0.733333333333
609 0.733333333333
610 0.733333333333
611 0.766666666667
612 0.733333333333
613 0.733333333333
614 0.733333333333
615 0.7
616 0.7
617 0.7
618 0.7
619 0.7
620 0.733333333333
621 0.733333333333
622 0.733333333333
623 0.766666666667
624 0.766666666667
625 0.766666666667
626 0.766666666667
627 0.733333333333
628 0.733333333333
629 0.733333333333
630 0.733333333333
631 0.733333333333
632 0.733333333333
633 0.733333333333
634 0.7
635 0.733333333333
636 0.766666666667
637 0.766666666667
638 0.8
639 0.8
640 0.8
641 0.8
642 0.833333333333
643 0.866666666667
644 0.866666666667
645 0.9
646 0.933333333333
647 0.933333333333
648 0.9
649 0.9
650 0.9
651 0.866666666667
652 0.866666666667
653 0.866666666667
654 0.833333333333
655 0.833333333333
656 0.833333333333
657 0.833333333333
658 0.8
659 0.766666666667
660 0.766666666667
661 0.733333333333
662 0.733333333333
663 0.7
664 0.733333333333
665 0.733333333333
666 0.733333333333
667 0.733333333333
668 0.7
669 0.7
670 0.7
671 0.7
672 0.7
673 0.7
674 0.7
675 0.7
676 0.7
677 0.666666666667
678 0.7
679 0.7
680 0.7
681 0.7
682 0.7
683 0.666666666667
684 0.7
685 0.666666666667
686 0.666666666667
687 0.7
688 0.733333333333
689 0.733333333333
690 0.7
691 0.7
692 0.7
693 0.733333333333
694 0.7
695 0.7
696 0.7
697 0.666666666667
698 0.7
699 0.7
700 0.666666666667
701 0.633333333333
702 0.6
703 0.566666666667
704 0.566666666667
705 0.566666666667
706 0.533333333333
707 0.566666666667
708 0.566666666667
709 0.566666666667
710 0.566666666667
711 0.6
712 0.6
713 0.633333333333
714 0.6
715 0.6
716 0.566666666667
717 0.566666666667
718 0.566666666667
719 0.6
720 0.633333333333
721 0.666666666667
722 0.666666666667
723 0.666666666667
724 0.7
725 0.7
726 0.7
727 0.733333333333
728 0.7
729 0.7
730 0.7
731 0.733333333333
732 0.733333333333
733 0.766666666667
734 0.766666666667
735 0.766666666667
736 0.766666666667
737 0.766666666667
738 0.766666666667
739 0.733333333333
740 0.733333333333
741 0.733333333333
742 0.7
743 0.7
744 0.7
745 0.733333333333
746 0.766666666667
747 0.766666666667
748 0.733333333333
749 0.733333333333
750 0.733333333333
751 0.733333333333
752 0.733333333333
753 0.7
754 0.7
755 0.7
756 0.7
757 0.7
758 0.7
759 0.666666666667
760 0.7
761 0.7
762 0.733333333333
763 0.733333333333
764 0.733333333333
765 0.733333333333
766 0.766666666667
767 0.766666666667
768 0.733333333333
769 0.766666666667
770 0.766666666667
771 0.766666666667
772 0.8
773 0.8
774 0.833333333333
775 0.833333333333
776 0.833333333333
777 0.833333333333
778 0.866666666667
779 0.866666666667
780 0.833333333333
781 0.833333333333
782 0.8
783 0.833333333333
784 0.8
785 0.766666666667
786 0.766666666667
787 0.766666666667
788 0.766666666667
789 0.8
790 0.8
791 0.8
792 0.8
793 0.8
794 0.766666666667
795 0.766666666667
796 0.766666666667
797 0.766666666667
798 0.8
799 0.766666666667
800 0.733333333333
801 0.733333333333
802 0.7
803 0.7
804 0.666666666667
805 0.666666666667
806 0.666666666667
807 0.666666666667
808 0.633333333333
809 0.633333333333
810 0.633333333333
811 0.6
812 0.633333333333
813 0.6
814 0.633333333333
815 0.666666666667
816 0.666666666667
817 0.666666666667
818 0.7
819 0.666666666667
820 0.666666666667
821 0.666666666667
822 0.666666666667
823 0.633333333333
824 0.666666666667
825 0.666666666667
826 0.666666666667
827 0.666666666667
828 0.633333333333
829 0.633333333333
830 0.633333333333
831 0.633333333333
832 0.666666666667
833 0.633333333333
834 0.666666666667
835 0.633333333333
836 0.633333333333
837 0.633333333333
838 0.666666666667
839 0.666666666667
840 0.7
841 0.733333333333
842 0.7
843 0.733333333333
844 0.733333333333
845 0.733333333333
846 0.7
847 0.7
848 0.666666666667
849 0.7
850 0.666666666667
851 0.633333333333
852 0.633333333333
853 0.666666666667
854 0.633333333333
855 0.633333333333
856 0.633333333333
857 0.633333333333
858 0.666666666667
859 0.7
860 0.7
861 0.666666666667
862 0.666666666667
863 0.666666666667
864 0.666666666667
865 0.7
866 0.666666666667
867 0.666666666667
868 0.666666666667
869 0.666666666667
870 0.666666666667
871 0.633333333333
872 0.666666666667
873 0.666666666667
874 0.666666666667
875 0.666666666667
876 0.666666666667
877 0.633333333333
878 0.633333333333
879 0.633333333333
880 0.666666666667
881 0.7
882 0.666666666667
883 0.666666666667
884 0.7
885 0.7
886 0.7
887 0.7
888 0.7
889 0.7
890 0.733333333333
891 0.766666666667
892 0.766666666667
893 0.766666666667
894 0.766666666667
895 0.766666666667
896 0.8
897 0.8
898 0.8
899 0.8
900 0.766666666667
901 0.8
902 0.8
903 0.766666666667
904 0.766666666667
905 0.766666666667
906 0.8
907 0.833333333333
908 0.833333333333
909 0.8
910 0.766666666667
911 0.766666666667
912 0.766666666667
913 0.733333333333
914 0.7
915 0.7
916 0.7
917 0.7
918 0.7
919 0.7
920 0.666666666667
921 0.666666666667
922 0.633333333333
923 0.633333333333
924 0.6
925 0.566666666667
926 0.566666666667
927 0.566666666667
928 0.533333333333
929 0.533333333333
930 0.566666666667
931 0.566666666667
932 0.533333333333
933 0.533333333333
934 0.5
935 0.5
936 0.466666666667
937 0.433333333333
938 0.466666666667
939 0.466666666667
940 0.5
941 0.5
942 0.5
943 0.5
944 0.5
945 0.5
946 0.466666666667
947 0.433333333333
948 0.4
949 0.4
950 0.433333333333
951 0.433333333333
952 0.433333333333
953 0.433333333333
954 0.466666666667
955 0.466666666667
956 0.433333333333
957 0.433333333333
958 0.433333333333
959 0.433333333333
960 0.433333333333
961 0.4
962 0.433333333333
963 0.466666666667
964 0.5
965 0.466666666667
966 0.466666666667
967 0.5
968 0.5
969 0.533333333333
970 0.533333333333
971 0.533333333333
972 0.566666666667
973 0.6
974 0.633333333333
975 0.633333333333
976 0.633333333333
977 0.666666666667
978 0.7
979 0.7
980 0.7
981 0.666666666667
982 0.666666666667
983 0.7
984 0.666666666667
985 0.7
986 0.733333333333
987 0.733333333333
988 0.766666666667
989 0.766666666667
990 0.733333333333
991 0.733333333333
992 0.733333333333
993 0.733333333333
994 0.733333333333
995 0.766666666667
996 0.766666666667
997 0.766666666667
998 0.766666666667
999 0.766666666667
1000 0.733333333333
