30 0.466666666667
31 0.466666666667
32 0.5
33 0.5
34 0.5
35 0.533333333333
36 0.533333333333
37 0.533333333333
38 0.566666666667
39 0.533333333333
40 0.566666666667
41 0.6
42 0.633333333333
43 0.633333333333
44 0.6
45 0.6
46 0.566666666667
47 0.533333333333
48 0.5
49 0.466666666667
50 0.466666666667
51 0.5
52 0.533333333333
53 0.533333333333
54 0.5
55 0.5
56 0.5
57 0.466666666667
58 0.433333333333
59 0.4
60 0.4
61 0.433333333333
62 0.4
63 0.4
64 0.4
65 0.4
66 0.4
67 0.433333333333
68 0.433333333333
69 0.433333333333
70 0.4
71 0.366666666667
72 0.333333333333
73 0.3
74 0.3
75 0.266666666667
76 0.266666666667
77 0.3
78 0.3
79 0.3
80 0.3
81 0.266666666667
82 0.266666666667
83 0.3
84 0.333333333333
85 0.333333333333
86 0.366666666667
87 0.4
88 0.433333333333
89 0.466666666667
90 0.5
91 0.466666666667
92 0.5
93 0.5
94 0.466666666667
95 0.466666666667
96 0.5
97 0.5
98 0.5
99 0.533333333333
100 0.566666666667
101 0.6
102 0.633333333333
103 0.666666666667
104 0.666666666667
105 0.7
106 0.7
107 0.666666666667
108 0.7
109 0.7
110 0.7
111 0.733333333333
112 0.7
113 0.666666666667
114 0.633333333333
115 0.633333333333
116 0.6
117 0.566666666667
118 0.566666666667
119 0.566666666667
120 0.566666666667
121 0.6
122 0.6
123 0.6
124 0.6
125 0.6
126 0.6
127 0.6
128 0.566666666667
129 0.533333333333
130 0.5
131 0.466666666667
132 0.466666666667
133 0.466666666667
134 0.5
135 0.5
136 0.5
137 0.533333333333
138 0.533333333333
139 0.566666666667
140 0.566666666667
141 0.533333333333
142 0.566666666667
143 0.6
144 0.633333333333
145 0.633333333333
146 0.633333333333
147 0.633333333333
148 0.633333333333
149 0.633333333333
150 0.633333333333
151 0.633333333333
152 0.633333333333
153 0.633333333333
154 0.633333333333
155 0.633333333333
156 0.633333333333
157 0.6
158 0.633333333333
159 0.666666666667
160 0.666666666667
161 0.666666666667
162 0.633333333333
163 0.633333333333
164 0.633333333333
165 0.6
166 0.6
167 0.566666666667
168 0.533333333333
169 0.533333333333
170 0.533333333333
171 0.566666666667
172 0.533333333333
173 0.533333333333
174 0.533333333333
175 0.566666666667
176 0.566666666667
177 0.566666666667
178 0.533333333333
179 0.533333333333
180 0.533333333333
181 0.5
182 0.5
183 0.466666666667
184 0.466666666667
185 0.433333333333
186 0.433333333333
187 0.433333333333
188 0.433333333333
189 0.4
190 0.4
191 0.4
192 0.433333333333
193 0.4
194 0.366666666667
195 0.366666666667
196 0.4
197 0.433333333333
198 0.466666666667
199 0.466666666667
200 0.5
201 0.5
202 0.533333333333
203 0.533333333333
204 0.533333333333
205 0.533333333333
206 0.533333333333
207 0.566666666667
208 0.566666666667
209 0.533333333333
210 0.533333333333
211 0.566666666667
212 0.533333333333
213 0.566666666667
214 0.6
215 0.6
216 0.566666666667
217 0.566666666667
218 0.566666666667
219 0.6
220 0.6
221 0.6
222 0.6
223 0.633333333333
224 0.666666666667
225 0.666666666667
226 0.633333333333
227 0.633333333333
228 0.6
229 0.566666666667
230 0.533333333333
231 0.5
232 0.466666666667
233 0.433333333333
234 0.4
235 0.4
236 0.4
237 0.4
238 0.433333333333
239 0.433333333333
240 0.433333333333
241 0.433333333333
242 0.433333333333
243 0.4
244 0.366666666667
245 0.4
246 0.4
247 0.4
248 0.4
249 0.366666666667
250 0.4
251 0.433333333333
252 0.433333333333
253 0.4
254 0.366666666667
255 0.366666666667
256 0.4
257 0.4
258 0.4
259 0.433333333333
260 0.466666666667
261 0.5
262 0.5
263 0.533333333333
264 0.533333333333
265 0.5
266 0.5
267 0.466666666667
268 0.466666666667
269 0.5
270 0.5
271 0.466666666667
272 0.5
273 0.5
274 0.5
275 0.5
276 0.533333333333
277 0.566666666667
278 0.566666666667
279 0.6
280 0.566666666667
281 0.566666666667
282 0.566666666667
283 0.566666666667
284 0.6
285 0.633333333333
286 0.6
287 0.566666666667
288 0.6
289 0.566666666667
290 0.566666666667
291 0.533333333333
292 0.533333333333
293 0.5
294 0.5
295 0.5
296 0.533333333333
297 0.566666666667
298 0.566666666667
299 0.533333333333
300 0.533333333333
301 0.533333333333
302 0.533333333333
303 0.566666666667
304 0.566666666667
305 0.533333333333
306 0.533333333333
307 0.533333333333
308 0.533333333333
309 0.5
310 0.533333333333
311 0.5
312 0.466666666667
313 0.466666666667
314 0.466666666667
315 0.466666666667
316 0.466666666667
317 0.5
318 0.466666666667
319 0.466666666667
320 0.433333333333
321 0.466666666667
322 0.5
323 0.5
324 0.533333333333
325 0.566666666667
326 0.533333333333
327 0.5
328 0.466666666667
329 0.466666666667
330 0.466666666667
331 0.466666666667
332 0.433333333333
333 0.433333333333
334 0.433333333333
335 0.433333333333
336 0.4
337 0.366666666667
338 0.333333333333
339 0.333333333333
340 0.3
341 0.333333333333
342 0.366666666667
343 0.366666666667
344 0.333333333333
345 0.333333333333
346 0.366666666667
347 0.333333333333
348 0.333333333333
349 0.366666666667
350 0.4
351 0.4
352 0.4
353 0.433333333333
354 0.433333333333
355 0.433333333333
356 0.433333333333
357 0.466666666667
358 0.5
359 0.5
360 0.5
361 0.533333333333
362 0.566666666667
363 0.566666666667
364 0.6
365 0.633333333333
366 0.666666666667
367 0.7
368 0.7
369 0.733333333333
370 0.766666666667
371 0.733333333333
372 0.733333333333
373 0.733333333333
374 0.766666666667
375 0.733333333333
376 0.7
377 0.7
378 0.7
379 0.7
380 0.7
381 0.666666666667
382 0.633333333333
383 0.633333333333
384 0.6
385 0.566666666667
386 0.6
387 0.6
388 0.6
389 0.6
390 0.6
391 0.6
392 0.6
393 0.566666666667
394 0.566666666667
395 0.533333333333
396 0.533333333333
397 0.533333333333
398 0.533333333333
399 0.533333333333
400 0.533333333333
401 0.533333333333
402 0.5
403 0.533333333333
404 0.533333333333
405 0.533333333333
406 0.533333333333
407 0.533333333333
408 0.566666666667
409 0.533333333333
410 0.533333333333
411 0.566666666667
412 0.566666666667
413 0.566666666667
414 0.6
415 0.633333333333
416 0.633333333333
417 0.6
418 0.566666666667
419 0.566666666667
420 0.533333333333
421 0.5
422 0.5
423 0.5
424 0.5
425 0.5
426 0.5
427 0.5
428 0.533333333333
429 0.5
430 0.5
431 0.5
432 0.533333333333
433 0.533333333333
434 0.533333333333
435 0.533333333333
436 0.533333333333
437 0.566666666667
438 0.533333333333
439 0.533333333333
440 0.5
441 0.5
442 0.533333333333
443 0.533333333333
444 0.5
445 0.466666666667
446 0.466666666667
447 0.466666666667
448 0.466666666667
449 0.466666666667
450 0.466666666667
451 0.5
452 0.5
453 0.533333333333
454 0.5
455 0.533333333333
456 0.533333333333
457 0.533333333333
458 0.533333333333
459 0.533333333333
460 0.5
461 0.533333333333
462 0.5
463 0.5
464 0.466666666667
465 0.466666666667
466 0.5
467 0.466666666667
468 0.5
469 0.5
470 0.533333333333
471 0.5
472 0.466666666667
473 0.466666666667
474 0.466666666667
475 0.466666666667
476 0.433333333333
477 0.466666666667
478 0.466666666667
479 0.5
480 0.5
481 0.466666666667
482 0.466666666667
483 0.466666666667
484 0.5
485 0.466666666667
486 0.433333333333
487 0.433333333333
488 0.433333333333
489 0.433333333333
490 0.433333333333
491 0.433333333333
492 0.433333333333
493 0.433333333333
494 0.466666666667
495 0.466666666667
496 0.433333333333
497 0.433333333333
498 0.433333333333
499 0.466666666667
500 0.433333333333
501 0.433333333333
502 0.466666666667
503 0.466666666667
504 0.5
505 0.533333333333
506 0.533333333333
507 0.5
508 0.5
509 0.466666666667
510 0.5
511 0.5
512 0.466666666667
513 0.466666666667
514 0.433333333333
515 0.466666666667
516 0.5
517 0.466666666667
518 0.433333333333
519 0.433333333333
520 0.466666666667
521 0.466666666667
522 0.5
523 0.466666666667
524 0.466666666667
525 0.466666666667
526 0.5
527 0.5
528 0.5
529 0.5
530 0.533333333333
531 0.566666666667
532 0.566666666667
533 0.533333333333
534 0.5
535 0.5
536 0.533333333333
537 0.566666666667
538 0.6
539 0.6
540 0.566666666667
541 0.6
542 0.633333333333
543 0.633333333333
544 0.633333333333
545 0.6
546 0.6
547 0.633333333333
548 0.666666666667
549 0.7
550 0.7
551 0.7
552 0.666666666667
553 0.7
554 0.666666666667
555 0.666666666667
556 0.666666666667
557 0.666666666667
558 0.666666666667
559 0.633333333333
560 0.633333333333
561 0.633333333333
562 0.6
563 0.633333333333
564 0.666666666667
565 0.666666666667
566 0.633333333333
567 0.633333333333
568 0.6
569 0.633333333333
570 0.666666666667
571 0.633333333333
572 0.6
573 0.566666666667
574 0.6
575 0.633333333333
576 0.633333333333
577 0.633333333333
578 0.633333333333
579 0.633333333333
580 0.6
581 0.6
582 0.6
583 0.6
584 0.633333333333
585 0.633333333333
586 0.633333333333
587 0.633333333333
588 0.6
589 0.6
590 0.566666666667
591 0.566666666667
592 0.6
593 0.6
594 0.6
595 0.6
596 0.6
597 0.6
598 0.633333333333
599 0.633333333333
600 0.6
601 0.6
602 0.633333333333
603 0.666666666667
604 0.633333333333
605 0.633333333333
606 0.6
607 0.6
608 0.6
609 0.566666666667
610 0.566666666667
611 0.533333333333
612 0.566666666667
613 0.533333333333
614 0.5
615 0.533333333333
616 0.5
617 0.533333333333
618 0.533333333333
619 0.566666666667
620 0.6
621 0.6
622 0.566666666667
623 0.533333333333
624 0.533333333333
625 0.533333333333
626 0.566666666667
627 0.533333333333
628 0.533333333333
629 0.5
630 0.5
631 0.5
632 0.466666666667
633 0.433333333333
634 0.433333333333
635 0.4
636 0.4
637 0.4
638 0.4
639 0.4
640 0.4
641 0.4
642 0.4
643 0.4
644 0.4
645 0.4
646 0.4
647 0.4
648 0.433333333333
649 0.433333333333
650 0.4
651 0.366666666667
652 0.4
653 0.433333333333
654 0.4
655 0.366666666667
656 0.333333333333
657 0.333333333333
658 0.3
659 0.333333333333
660 0.333333333333
661 0.333333333333
662 0.333333333333
663 0.333333333333
664 0.366666666667
665 0.4
666 0.4
667 0.366666666667
668 0.366666666667
669 0.4
670 0.4
671 0.433333333333
672 0.4
673 0.433333333333
674 0.466666666667
675 0.433333333333
676 0.433333333333
677 0.4
678 0.366666666667
679 0.366666666667
680 0.366666666667
681 0.4
682 0.4
683 0.366666666667
684 0.4
685 0.4
686 0.4
687 0.433333333333
688 0.433333333333
689 0.433333333333
690 0.466666666667
691 0.5
692 0.533333333333
693 0.566666666667
694 0.566666666667
695 0.566666666667
696 0.566666666667
697 0.6
698 0.566666666667
699 0.533333333333
700 0.533333333333
701 0.533333333333
702 0.566666666667
703 0.566666666667
704 0.533333333333
705 0.533333333333
706 0.533333333333
707 0.566666666667
708 0.566666666667
709 0.566666666667
710 0.6
711 0.566666666667
712 0.533333333333
713 0.533333333333
714 0.5
715 0.5
716 0.533333333333
717 0.5
718 0.5
719 0.466666666667
720 0.466666666667
721 0.433333333333
722 0.433333333333
723 0.4
724 0.366666666667
725 0.366666666667
726 0.366666666667
727 0.333333333333
728 0.366666666667
729 0.366666666667
730 0.4
731 0.366666666667
732 0.333333333333
733 0.333333333333
734 0.333333333333
735 0.333333333333
736 0.333333333333
737 0.333333333333
738 0.366666666667
739 0.366666666667
740 0.366666666667
741 0.366666666667
742 0.4
743 0.4
744 0.4
745 0.4
746 0.366666666667
747 0.366666666667
748 0.366666666667
749 0.4
750 0.4
751 0.433333333333
752 0.433333333333
753 0.433333333333
754 0.466666666667
755 0.433333333333
756 0.466666666667
757 0.466666666667
758 0.466666666667
759 0.466666666667
760 0.466666666667
761 0.466666666667
762 0.5
763 0.466666666667
764 0.466666666667
765 0.5
766 0.533333333333
767 0.5
768 0.5
769 0.466666666667
770 0.466666666667
771 0.466666666667
772 0.466666666667
773 0.466666666667
774 0.466666666667
775 0.5
776 0.5
777 0.533333333333
778 0.533333333333
779 0.5
780 0.5
781 0.466666666667
782 0.466666666667
783 0.466666666667
784 0.466666666667
785 0.5
786 0.5
787 0.533333333333
788 0.5
789 0.533333333333
790 0.533333333333
791 0.566666666667
792 0.566666666667
793 0.566666666667
794 0.566666666667
795 0.566666666667
796 0.533333333333
797 0.566666666667
798 0.533333333333
799 0.566666666667
800 0.533333333333
801 0.533333333333
802 0.5
803 0.5
804 0.533333333333
805 0.533333333333
806 0.533333333333
807 0.533333333333
808 0.566666666667
809 0.566666666667
810 0.533333333333
811 0.533333333333
812 0.533333333333
813 0.566666666667
814 0.566666666667
815 0.566666666667
816 0.566666666667
817 0.566666666667
818 0.566666666667
819 0.533333333333
820 0.533333333333
821 0.5
822 0.466666666667
823 0.466666666667
824 0.466666666667
825 0.433333333333
826 0.466666666667
827 0.433333333333
828 0.433333333333
829 0.4
830 0.433333333333
831 0.433333333333
832 0.433333333333
833 0.466666666667
834 0.433333333333
835 0.433333333333
836 0.433333333333
837 0.433333333333
838 0.433333333333
839 0.466666666667
840 0.5
841 0.5
842 0.466666666667
843 0.466666666667
844 0.466666666667
845 0.466666666667
846 0.433333333333
847 0.433333333333
848 0.466666666667
849 0.5
850 0.466666666667
851 0.5
852 0.5
853 0.533333333333
854 0.533333333333
855 0.533333333333
856 0.533333333333
857 0.566666666667
858 0.6
859 0.6
860 0.6
861 0.633333333333
862 0.666666666667
863 0.633333333333
864 0.633333333333
865 0.633333333333
866 0.666666666667
867 0.633333333333
868 0.633333333333
869 0.633333333333
870 0.6
871 0.6
872 0.633333333333
873 0.633333333333
874 0.6
875 0.566666666667
876 0.6
877 0.566666666667
878 0.566666666667
879 0.566666666667
880 0.566666666667
881 0.566666666667
882 0.6
883 0.6
884 0.6
885 0.6
886 0.6
887 0.6
888 0.6
889 0.6
890 0.566666666667
891 0.566666666667
892 0.566666666667
893 0.566666666667
894 0.566666666667
895 0.566666666667
896 0.533333333333
897 0.566666666667
898 0.566666666667
899 0.566666666667
900 0.6
901 0.633333333333
902 0.633333333333
903 0.633333333333
904 0.666666666667
905 0.7
906 0.666666666667
907 0.7
908 0.666666666667
909 0.633333333333
910 0.666666666667
911 0.666666666667
912 0.666666666667
913 0.666666666667
914 0.7
915 0.7
916 0.7
917 0.7
918 0.666666666667
919 0.7
920 0.733333333333
921 0.7
922 0.666666666667
923 0.7
924 0.7
925 0.7
926 0.733333333333
927 0.7
928 0.666666666667
929 0.633333333333
930 0.6
931 0.566666666667
932 0.566666666667
933 0.566666666667
934 0.533333333333
935 0.533333333333
936 0.533333333333
937 0.5
938 0.533333333333
939 0.566666666667
940 0.566666666667
941 0.566666666667
942 0.566666666667
943 0.566666666667
944 0.533333333333
945 0.566666666667
946 0.533333333333
947 0.533333333333
948 0.533333333333
949 0.5
950 0.5
951 0.5
952 0.533333333333
953 0.5
954 0.5
955 0.5
956 0.466666666667
957 0.466666666667
958 0.5
959 0.5
960 0.533333333333
961 0.533333333333
962 0.5
963 0.466666666667
964 0.5
965 0.5
966 0.5
967 0.5
968 0.466666666667
969 0.466666666667
970 0.466666666667
971 0.466666666667
972 0.433333333333
973 0.433333333333
974 0.433333333333
975 0.4
976 0.4
977 0.366666666667
978 0.366666666667
979 0.4
980 0.366666666667
981 0.366666666667
982 0.366666666667
983 0.4
984 0.433333333333
985 0.4
986 0.4
987 0.433333333333
988 0.4
989 0.433333333333
990 0.4
991 0.4
992 0.4
993 0.4
994 0.366666666667
995 0.366666666667
996 0.4
997 0.433333333333
998 0.433333333333
999 0.433333333333
1000 0.433333333333
