30 0.5
31 0.466666666667
32 0.466666666667
33 0.466666666667
34 0.466666666667
35 0.433333333333
36 0.4
37 0.4
38 0.4
39 0.433333333333
40 0.4
41 0.4
42 0.4
43 0.4
44 0.4
45 0.4
46 0.433333333333
47 0.433333333333
48 0.466666666667
49 0.466666666667
50 0.466666666667
51 0.433333333333
52 0.433333333333
53 0.433333333333
54 0.4
55 0.4
56 0.4
57 0.366666666667
58 0.366666666667
59 0.4
60 0.366666666667
61 0.366666666667
62 0.366666666667
63 0.366666666667
64 0.333333333333
65 0.333333333333
66 0.333333333333
67 0.3
68 0.3
69 0.3
70 0.3
71 0.333333333333
72 0.333333333333
73 0.3
74 0.333333333333
75 0.333333333333
76 0.3
77 0.3
78 0.266666666667
79 0.266666666667
80 0.233333333333
81 0.266666666667
82 0.3
83 0.3
84 0.3
85 0.3
86 0.3
87 0.333333333333
88 0.333333333333
89 0.3
90 0.333333333333
91 0.366666666667
92 0.4
93 0.4
94 0.433333333333
95 0.466666666667
96 0.466666666667
97 0.466666666667
98 0.466666666667
99 0.433333333333
100 0.466666666667
101 0.466666666667
102 0.433333333333
103 0.433333333333
104 0.433333333333
105 0.433333333333
106 0.466666666667
107 0.466666666667
108 0.466666666667
109 0.466666666667
110 0.5
111 0.466666666667
112 0.433333333333
113 0.4
114 0.4
115 0.433333333333
116 0.433333333333
117 0.433333333333
118 0.4
119 0.433333333333
120 0.4
121 0.366666666667
122 0.366666666667
123 0.366666666667
124 0.333333333333
125 0.333333333333
126 0.333333333333
127 0.366666666667
128 0.4
129 0.4
130 0.366666666667
131 0.366666666667
132 0.4
133 0.433333333333
134 0.4
135 0.433333333333
136 0.4
137 0.4
138 0.433333333333
139 0.433333333333
140 0.4
141 0.4
142 0.4
143 0.4
144 0.4
145 0.366666666667
146 0.4
147 0.4
148 0.4
149 0.366666666667
150 0.366666666667
151 0.4
152 0.4
153 0.433333333333
154 0.433333333333
155 0.4
156 0.433333333333
157 0.4
158 0.366666666667
159 0.4
160 0.4
161 0.366666666667
162 0.333333333333
163 0.3
164 0.333333333333
165 0.3
166 0.333333333333
167 0.333333333333
168 0.3
169 0.3
170 0.3
171 0.3
172 0.333333333333
173 0.333333333333
174 0.366666666667
175 0.366666666667
176 0.333333333333
177 0.333333333333
178 0.366666666667
179 0.366666666667
180 0.366666666667
181 0.333333333333
182 0.3
183 0.3
184 0.3
185 0.3
186 0.266666666667
187 0.266666666667
188 0.266666666667
189 0.266666666667
190 0.266666666667
191 0.266666666667
192 0.266666666667
193 0.266666666667
194 0.233333333333
195 0.233333333333
196 0.2
197 0.2
198 0.2
199 0.233333333333
200 0.266666666667
201 0.266666666667
202 0.266666666667
203 0.266666666667
204 0.233333333333
205 0.233333333333
206 0.266666666667
207 0.266666666667
208 0.233333333333
209 0.266666666667
210 0.3
211 0.333333333333
212 0.366666666667
213 0.333333333333
214 0.333333333333
215 0.366666666667
216 0.366666666667
217 0.4
218 0.433333333333
219 0.4
220 0.433333333333
221 0.433333333333
222 0.433333333333
223 0.466666666667
224 0.466666666667
225 0.466666666667
226 0.5
227 0.533333333333
228 0.533333333333
229 0.5
230 0.466666666667
231 0.466666666667
232 0.433333333333
233 0.433333333333
234 0.466666666667
235 0.5
236 0.466666666667
237 0.433333333333
238 0.433333333333
239 0.4
240 0.366666666667
241 0.333333333333
242 0.333333333333
243 0.366666666667
244 0.4
245 0.4
246 0.4
247 0.366666666667
248 0.366666666667
249 0.4
250 0.366666666667
251 0.366666666667
252 0.366666666667
253 0.366666666667
254 0.4
255 0.4
256 0.366666666667
257 0.333333333333
258 0.333333333333
259 0.333333333333
260 0.333333333333
261 0.333333333333
262 0.333333333333
263 0.333333333333
264 0.3
265 0.3
266 0.333333333333
267 0.333333333333
268 0.333333333333
269 0.333333333333
270 0.333333333333
271 0.366666666667
272 0.333333333333
273 0.3
274 0.266666666667
275 0.233333333333
276 0.266666666667
277 0.3
278 0.3
279 0.266666666667
280 0.266666666667
281 0.3
282 0.3
283 0.266666666667
284 0.266666666667
285 0.3
286 0.3
287 0.333333333333
288 0.333333333333
289 0.366666666667
290 0.4
291 0.433333333333
292 0.466666666667
293 0.466666666667
294 0.466666666667
295 0.433333333333
296 0.4
297 0.433333333333
298 0.433333333333
299 0.466666666667
300 0.466666666667
301 0.466666666667
302 0.5
303 0.5
304 0.5
305 0.533333333333
306 0.5
307 0.5
308 0.5
309 0.5
310 0.5
311 0.5
312 0.5
313 0.533333333333
314 0.5
315 0.5
316 0.533333333333
317 0.5
318 0.533333333333
319 0.5
320 0.5
321 0.466666666667
322 0.433333333333
323 0.466666666667
324 0.5
325 0.5
326 0.533333333333
327 0.533333333333
328 0.566666666667
329 0.533333333333
330 0.533333333333
331 0.5
332 0.466666666667
333 0.466666666667
334 0.5
335 0.466666666667
336 0.5
337 0.5
338 0.466666666667
339 0.5
340 0.5
341 0.466666666667
342 0.466666666667
343 0.466666666667
344 0.466666666667
345 0.433333333333
346 0.4
347 0.4
348 0.366666666667
349 0.4
350 0.366666666667
351 0.4
352 0.433333333333
353 0.433333333333
354 0.4
355 0.433333333333
356 0.4
357 0.366666666667
358 0.366666666667
359 0.4
360 0.4
361 0.4
362 0.433333333333
363 0.433333333333
364 0.433333333333
365 0.433333333333
366 0.433333333333
367 0.4
368 0.4
369 0.366666666667
370 0.366666666667
371 0.4
372 0.433333333333
373 0.4
374 0.4
375 0.433333333333
376 0.433333333333
377 0.466666666667
378 0.5
379 0.466666666667
380 0.5
381 0.466666666667
382 0.433333333333
383 0.4
384 0.433333333333
385 0.4
386 0.4
387 0.4
388 0.366666666667
389 0.366666666667
390 0.4
391 0.433333333333
392 0.433333333333
393 0.433333333333
394 0.4
395 0.4
396 0.4
397 0.4
398 0.433333333333
399 0.466666666667
400 0.5
401 0.466666666667
402 0.433333333333
403 0.466666666667
404 0.5
405 0.466666666667
406 0.5
407 0.466666666667
408 0.466666666667
409 0.5
410 0.466666666667
411 0.5
412 0.533333333333
413 0.533333333333
414 0.5
415 0.533333333333
416 0.566666666667
417 0.566666666667
418 0.6
419 0.566666666667
420 0.533333333333
421 0.533333333333
422 0.533333333333
423 0.533333333333
424 0.533333333333
425 0.566666666667
426 0.533333333333
427 0.566666666667
428 0.533333333333
429 0.5
430 0.5
431 0.533333333333
432 0.566666666667
433 0.533333333333
434 0.533333333333
435 0.533333333333
436 0.5
437 0.533333333333
438 0.5
439 0.466666666667
440 0.5
441 0.466666666667
442 0.433333333333
443 0.433333333333
444 0.466666666667
445 0.466666666667
446 0.466666666667
447 0.5
448 0.5
449 0.533333333333
450 0.533333333333
451 0.533333333333
452 0.5
453 0.5
454 0.533333333333
455 0.5
456 0.5
457 0.5
458 0.5
459 0.5
460 0.466666666667
461 0.433333333333
462 0.433333333333
463 0.433333333333
464 0.4
465 0.4
466 0.4
467 0.366666666667
468 0.4
469 0.433333333333
470 0.433333333333
471 0.466666666667
472 0.466666666667
473 0.466666666667
474 0.433333333333
475 0.4
476 0.366666666667
477 0.333333333333
478 0.3
479 0.266666666667
480 0.266666666667
481 0.266666666667
482 0.3
483 0.3
484 0.3
485 0.3
486 0.333333333333
487 0.3
488 0.3
489 0.3
490 0.3
491 0.333333333333
492 0.333333333333
493 0.333333333333
494 0.366666666667
495 0.4
496 0.433333333333
497 0.433333333333
498 0.4
499 0.4
500 0.4
501 0.366666666667
502 0.4
503 0.433333333333
504 0.433333333333
505 0.433333333333
506 0.433333333333
507 0.433333333333
508 0.433333333333
509 0.433333333333
510 0.433333333333
511 0.4
512 0.366666666667
513 0.366666666667
514 0.333333333333
515 0.333333333333
516 0.3
517 0.3
518 0.3
519 0.333333333333
520 0.333333333333
521 0.333333333333
522 0.3
523 0.3
524 0.3
525 0.3
526 0.3
527 0.333333333333
528 0.366666666667
529 0.333333333333
530 0.3
531 0.3
532 0.3
533 0.266666666667
534 0.266666666667
535 0.266666666667
536 0.3
537 0.3
538 0.3
539 0.3
540 0.3
541 0.3
542 0.333333333333
543 0.333333333333
544 0.366666666667
545 0.366666666667
546 0.366666666667
547 0.366666666667
548 0.366666666667
549 0.333333333333
550 0.333333333333
551 0.333333333333
552 0.333333333333
553 0.366666666667
554 0.333333333333
555 0.333333333333
556 0.333333333333
557 0.3
558 0.266666666667
559 0.3
560 0.3
561 0.3
562 0.266666666667
563 0.266666666667
564 0.3
565 0.3
566 0.266666666667
567 0.266666666667
568 0.266666666667
569 0.266666666667
570 0.266666666667
571 0.266666666667
572 0.233333333333
573 0.233333333333
574 0.2
575 0.2
576 0.2
577 0.233333333333
578 0.233333333333
579 0.266666666667
580 0.266666666667
581 0.266666666667
582 0.3
583 0.266666666667
584 0.3
585 0.3
586 0.266666666667
587 0.266666666667
588 0.266666666667
589 0.233333333333
590 0.233333333333
591 0.233333333333
592 0.233333333333
593 0.233333333333
594 0.2
595 0.2
596 0.233333333333
597 0.233333333333
598 0.233333333333
599 0.266666666667
600 0.3
601 0.333333333333
602 0.333333333333
603 0.366666666667
604 0.4
605 0.4
606 0.433333333333
607 0.433333333333
608 0.433333333333
609 0.433333333333
610 0.433333333333
611 0.4
612 0.366666666667
613 0.366666666667
614 0.333333333333
615 0.3
616 0.3
617 0.3
618 0.3
619 0.3
620 0.333333333333
621 0.366666666667
622 0.366666666667
623 0.4
624 0.433333333333
625 0.433333333333
626 0.433333333333
627 0.433333333333
628 0.466666666667
629 0.433333333333
630 0.4
631 0.366666666667
632 0.366666666667
633 0.366666666667
634 0.333333333333
635 0.333333333333
636 0.333333333333
637 0.333333333333
638 0.333333333333
639 0.333333333333
640 0.333333333333
641 0.333333333333
642 0.333333333333
643 0.366666666667
644 0.4
645 0.4
646 0.4
647 0.4
648 0.4
649 0.433333333333
650 0.433333333333
651 0.4
652 0.4
653 0.366666666667
654 0.333333333333
655 0.333333333333
656 0.3
657 0.3
658 0.266666666667
659 0.266666666667
660 0.266666666667
661 0.3
662 0.3
663 0.266666666667
664 0.266666666667
665 0.3
666 0.3
667 0.266666666667
668 0.266666666667
669 0.266666666667
670 0.3
671 0.333333333333
672 0.366666666667
673 0.366666666667
674 0.366666666667
675 0.366666666667
676 0.366666666667
677 0.366666666667
678 0.366666666667
679 0.333333333333
680 0.3
681 0.333333333333
682 0.333333333333
683 0.333333333333
684 0.333333333333
685 0.366666666667
686 0.366666666667
687 0.366666666667
688 0.4
689 0.4
690 0.433333333333
691 0.4
692 0.433333333333
693 0.466666666667
694 0.5
695 0.5
696 0.466666666667
697 0.466666666667
698 0.466666666667
699 0.466666666667
700 0.433333333333
701 0.4
702 0.366666666667
703 0.333333333333
704 0.3
705 0.3
706 0.3
707 0.3
708 0.3
709 0.3
710 0.3
711 0.266666666667
712 0.266666666667
713 0.266666666667
714 0.266666666667
715 0.233333333333
716 0.266666666667
717 0.266666666667
718 0.233333333333
719 0.233333333333
720 0.233333333333
721 0.233333333333
722 0.233333333333
723 0.2
724 0.166666666667
725 0.133333333333
726 0.133333333333
727 0.133333333333
728 0.133333333333
729 0.1
730 0.1
731 0.1
732 0.1
733 0.133333333333
734 0.166666666667
735 0.166666666667
736 0.166666666667
737 0.166666666667
738 0.166666666667
739 0.166666666667
740 0.2
741 0.2
742 0.233333333333
743 0.233333333333
744 0.266666666667
745 0.266666666667
746 0.266666666667
747 0.3
748 0.333333333333
749 0.333333333333
750 0.3
751 0.333333333333
752 0.3
753 0.3
754 0.333333333333
755 0.333333333333
756 0.333333333333
757 0.333333333333
758 0.333333333333
759 0.333333333333
760 0.333333333333
761 0.333333333333
762 0.366666666667
763 0.333333333333
764 0.333333333333
765 0.366666666667
766 0.366666666667
767 0.4
768 0.4
769 0.4
770 0.4
771 0.4
772 0.4
773 0.4
774 0.4
775 0.433333333333
776 0.433333333333
777 0.433333333333
778 0.433333333333
779 0.433333333333
780 0.466666666667
781 0.433333333333
782 0.466666666667
783 0.466666666667
784 0.433333333333
785 0.466666666667
786 0.5
787 0.533333333333
788 0.566666666667
789 0.6
790 0.6
791 0.633333333333
792 0.633333333333
793 0.666666666667
794 0.633333333333
795 0.6
796 0.633333333333
797 0.6
798 0.6
799 0.633333333333
800 0.633333333333
801 0.633333333333
802 0.6
803 0.6
804 0.566666666667
805 0.566666666667
806 0.533333333333
807 0.533333333333
808 0.5
809 0.5
810 0.5
811 0.533333333333
812 0.533333333333
813 0.533333333333
814 0.533333333333
815 0.533333333333
816 0.5
817 0.466666666667
818 0.466666666667
819 0.433333333333
820 0.433333333333
821 0.4
822 0.4
823 0.366666666667
824 0.4
825 0.4
826 0.366666666667
827 0.366666666667
828 0.366666666667
829 0.333333333333
830 0.3
831 0.3
832 0.3
833 0.333333333333
834 0.366666666667
835 0.333333333333
836 0.366666666667
837 0.333333333333
838 0.333333333333
839 0.333333333333
840 0.333333333333
841 0.333333333333
842 0.3
843 0.3
844 0.3
845 0.266666666667
846 0.266666666667
847 0.3
848 0.266666666667
849 0.266666666667
850 0.266666666667
851 0.3
852 0.266666666667
853 0.266666666667
854 0.233333333333
855 0.233333333333
856 0.233333333333
857 0.266666666667
858 0.266666666667
859 0.266666666667
860 0.3
861 0.3
862 0.3
863 0.266666666667
864 0.233333333333
865 0.233333333333
866 0.2
867 0.233333333333
868 0.233333333333
869 0.233333333333
870 0.2
871 0.2
872 0.2
873 0.2
874 0.2
875 0.233333333333
876 0.266666666667
877 0.266666666667
878 0.266666666667
879 0.3
880 0.333333333333
881 0.333333333333
882 0.333333333333
883 0.366666666667
884 0.366666666667
885 0.4
886 0.433333333333
887 0.4
888 0.4
889 0.4
890 0.366666666667
891 0.366666666667
892 0.366666666667
893 0.366666666667
894 0.4
895 0.4
896 0.4
897 0.366666666667
898 0.366666666667
899 0.4
900 0.4
901 0.366666666667
902 0.4
903 0.4
904 0.4
905 0.366666666667
906 0.366666666667
907 0.366666666667
908 0.366666666667
909 0.333333333333
910 0.3
911 0.266666666667
912 0.266666666667
913 0.266666666667
914 0.266666666667
915 0.233333333333
916 0.2
917 0.2
918 0.233333333333
919 0.233333333333
920 0.233333333333
921 0.266666666667
922 0.3
923 0.3
924 0.3
925 0.3
926 0.3
927 0.3
928 0.3
929 0.266666666667
930 0.266666666667
931 0.266666666667
932 0.266666666667
933 0.3
934 0.3
935 0.333333333333
936 0.333333333333
937 0.3
938 0.3
939 0.333333333333
940 0.333333333333
941 0.333333333333
942 0.333333333333
943 0.333333333333
944 0.333333333333
945 0.333333333333
946 0.333333333333
947 0.333333333333
948 0.333333333333
949 0.366666666667
950 0.366666666667
951 0.333333333333
952 0.333333333333
953 0.333333333333
954 0.3
955 0.3
956 0.333333333333
957 0.333333333333
958 0.366666666667
959 0.366666666667
960 0.366666666667
961 0.366666666667
962 0.333333333333
963 0.3
964 0.3
965 0.266666666667
966 0.233333333333
967 0.233333333333
968 0.266666666667
969 0.233333333333
970 0.233333333333
971 0.233333333333
972 0.233333333333
973 0.233333333333
974 0.233333333333
975 0.233333333333
976 0.266666666667
977 0.266666666667
978 0.233333333333
979 0.233333333333
980 0.233333333333
981 0.266666666667
982 0.233333333333
983 0.266666666667
984 0.266666666667
985 0.266666666667
986 0.233333333333
987 0.233333333333
988 0.2
989 0.233333333333
990 0.266666666667
991 0.266666666667
992 0.3
993 0.3
994 0.3
995 0.3
996 0.3
997 0.3
998 0.3
999 0.3
1000 0.333333333333
