30 0.966666666667
31 0.966666666667
32 0.966666666667
33 0.966666666667
34 1.0
35 1.0
36 1.0
37 1.0
38 1.0
39 1.0
40 1.0
41 1.0
42 1.0
43 1.0
44 1.0
45 1.0
46 1.0
47 1.0
48 1.0
49 1.0
50 1.0
51 1.0
52 0.966666666667
53 0.966666666667
54 0.966666666667
55 0.966666666667
56 0.966666666667
57 0.966666666667
58 0.966666666667
59 0.966666666667
60 0.966666666667
61 0.966666666667
62 0.966666666667
63 0.966666666667
64 0.966666666667
65 0.966666666667
66 0.933333333333
67 0.933333333333
68 0.933333333333
69 0.933333333333
70 0.933333333333
71 0.933333333333
72 0.933333333333
73 0.933333333333
74 0.933333333333
75 0.933333333333
76 0.933333333333
77 0.933333333333
78 0.933333333333
79 0.933333333333
80 0.933333333333
81 0.933333333333
82 0.966666666667
83 0.966666666667
84 0.966666666667
85 0.966666666667
86 0.966666666667
87 0.966666666667
88 0.966666666667
89 0.966666666667
90 0.966666666667
91 0.966666666667
92 0.966666666667
93 0.966666666667
94 0.966666666667
95 0.966666666667
96 1.0
97 1.0
98 1.0
99 1.0
100 1.0
101 1.0
102 1.0
103 1.0
104 1.0
105 0.966666666667
106 0.966666666667
107 0.966666666667
108 0.966666666667
109 0.966666666667
110 0.966666666667
111 0.966666666667
112 0.966666666667
113 0.966666666667
114 0.966666666667
115 0.966666666667
116 0.966666666667
117 0.966666666667
118 0.966666666667
119 0.966666666667
120 0.966666666667
121 0.966666666667
122 0.966666666667
123 0.966666666667
124 0.966666666667
125 0.966666666667
126 0.966666666667
127 0.966666666667
128 0.966666666667
129 0.966666666667
130 0.966666666667
131 0.966666666667
132 0.966666666667
133 0.966666666667
134 0.966666666667
135 0.966666666667
136 0.966666666667
137 0.933333333333
138 0.933333333333
139 0.933333333333
140 0.933333333333
141 0.933333333333
142 0.933333333333
143 0.933333333333
144 0.933333333333
145 0.933333333333
146 0.933333333333
147 0.933333333333
148 0.933333333333
149 0.933333333333
150 0.933333333333
151 0.933333333333
152 0.933333333333
153 0.933333333333
154 0.933333333333
155 0.933333333333
156 0.933333333333
157 0.933333333333
158 0.933333333333
159 0.933333333333
160 0.933333333333
161 0.933333333333
162 0.933333333333
163 0.933333333333
164 0.933333333333
165 0.933333333333
166 0.933333333333
167 0.966666666667
168 0.966666666667
169 0.966666666667
170 0.966666666667
171 0.966666666667
172 0.966666666667
173 0.966666666667
174 0.966666666667
175 0.933333333333
176 0.933333333333
177 0.933333333333
178 0.933333333333
179 0.933333333333
180 0.933333333333
181 0.933333333333
182 0.933333333333
183 0.933333333333
184 0.933333333333
185 0.933333333333
186 0.9
187 0.9
188 0.9
189 0.9
190 0.9
191 0.9
192 0.9
193 0.9
194 0.9
195 0.933333333333
196 0.933333333333
197 0.933333333333
198 0.933333333333
199 0.933333333333
200 0.933333333333
201 0.933333333333
202 0.933333333333
203 0.933333333333
204 0.933333333333
205 0.966666666667
206 0.966666666667
207 0.966666666667
208 0.933333333333
209 0.933333333333
210 0.933333333333
211 0.933333333333
212 0.933333333333
213 0.933333333333
214 0.933333333333
215 0.933333333333
216 0.966666666667
217 0.966666666667
218 0.966666666667
219 0.966666666667
220 0.966666666667
221 0.966666666667
222 0.966666666667
223 0.966666666667
224 0.966666666667
225 0.966666666667
226 0.966666666667
227 0.966666666667
228 0.966666666667
229 0.966666666667
230 0.966666666667
231 0.966666666667
232 0.966666666667
233 0.966666666667
234 0.966666666667
235 0.966666666667
236 0.966666666667
237 0.966666666667
238 1.0
239 1.0
240 1.0
241 1.0
242 1.0
243 1.0
244 1.0
245 1.0
246 1.0
247 1.0
248 1.0
249 1.0
250 1.0
251 0.966666666667
252 0.966666666667
253 0.966666666667
254 0.966666666667
255 0.966666666667
256 0.966666666667
257 0.966666666667
258 0.966666666667
259 0.966666666667
260 0.966666666667
261 0.966666666667
262 0.966666666667
263 0.966666666667
264 0.966666666667
265 0.966666666667
266 0.966666666667
267 0.966666666667
268 0.966666666667
269 0.966666666667
270 0.966666666667
271 0.966666666667
272 0.966666666667
273 0.966666666667
274 0.966666666667
275 0.966666666667
276 0.966666666667
277 0.966666666667
278 0.966666666667
279 0.966666666667
280 0.966666666667
281 1.0
282 1.0
283 1.0
284 1.0
285 1.0
286 1.0
287 1.0
288 1.0
289 1.0
290 1.0
291 1.0
292 1.0
293 1.0
294 0.966666666667
295 0.966666666667
296 0.966666666667
297 0.966666666667
298 0.966666666667
299 0.966666666667
300 0.966666666667
301 0.966666666667
302 0.966666666667
303 0.966666666667
304 0.966666666667
305 0.966666666667
306 0.966666666667
307 0.966666666667
308 0.966666666667
309 0.966666666667
310 0.966666666667
311 0.966666666667
312 0.966666666667
313 0.966666666667
314 0.966666666667
315 0.966666666667
316 0.966666666667
317 0.966666666667
318 0.966666666667
319 0.966666666667
320 0.966666666667
321 0.966666666667
322 0.966666666667
323 0.966666666667
324 1.0
325 1.0
326 1.0
327 1.0
328 1.0
329 1.0
330 1.0
331 1.0
332 1.0
333 1.0
334 1.0
335 1.0
336 1.0
337 1.0
338 1.0
339 0.966666666667
340 0.966666666667
341 0.966666666667
342 0.933333333333
343 0.933333333333
344 0.933333333333
345 0.933333333333
346 0.933333333333
347 0.933333333333
348 0.933333333333
349 0.933333333333
350 0.933333333333
351 0.933333333333
352 0.9
353 0.9
354 0.9
355 0.9
356 0.9
357 0.9
358 0.9
359 0.9
360 0.9
361 0.9
362 0.9
363 0.9
364 0.9
365 0.9
366 0.9
367 0.9
368 0.9
369 0.933333333333
370 0.933333333333
371 0.933333333333
372 0.966666666667
373 0.966666666667
374 0.966666666667
375 0.966666666667
376 0.966666666667
377 0.966666666667
378 0.966666666667
379 0.966666666667
380 0.966666666667
381 0.966666666667
382 1.0
383 1.0
384 1.0
385 1.0
386 1.0
387 1.0
388 1.0
389 1.0
390 1.0
391 1.0
392 1.0
393 1.0
394 1.0
395 1.0
396 1.0
397 1.0
398 1.0
399 1.0
400 1.0
401 1.0
402 1.0
403 1.0
404 1.0
405 1.0
406 1.0
407 1.0
408 0.966666666667
409 0.966666666667
410 0.933333333333
411 0.933333333333
412 0.933333333333
413 0.933333333333
414 0.933333333333
415 0.933333333333
416 0.933333333333
417 0.933333333333
418 0.933333333333
419 0.933333333333
420 0.933333333333
421 0.933333333333
422 0.933333333333
423 0.933333333333
424 0.933333333333
425 0.933333333333
426 0.933333333333
427 0.933333333333
428 0.933333333333
429 0.9
430 0.9
431 0.9
432 0.9
433 0.866666666667
434 0.866666666667
435 0.866666666667
436 0.866666666667
437 0.866666666667
438 0.9
439 0.9
440 0.933333333333
441 0.933333333333
442 0.933333333333
443 0.933333333333
444 0.933333333333
445 0.933333333333
446 0.933333333333
447 0.933333333333
448 0.933333333333
449 0.933333333333
450 0.933333333333
451 0.933333333333
452 0.9
453 0.9
454 0.9
455 0.9
456 0.9
457 0.9
458 0.9
459 0.933333333333
460 0.933333333333
461 0.933333333333
462 0.933333333333
463 0.966666666667
464 0.966666666667
465 0.966666666667
466 0.966666666667
467 0.966666666667
468 0.966666666667
469 0.966666666667
470 0.966666666667
471 0.966666666667
472 0.966666666667
473 0.966666666667
474 0.966666666667
475 0.966666666667
476 0.966666666667
477 0.966666666667
478 0.966666666667
479 0.966666666667
480 0.966666666667
481 0.966666666667
482 1.0
483 1.0
484 1.0
485 1.0
486 1.0
487 1.0
488 1.0
489 1.0
490 1.0
491 1.0
492 1.0
493 1.0
494 1.0
495 1.0
496 1.0
497 1.0
498 1.0
499 1.0
500 0.966666666667
501 0.966666666667
502 0.966666666667
503 0.966666666667
504 0.966666666667
505 0.966666666667
506 0.966666666667
507 0.966666666667
508 0.966666666667
509 0.966666666667
510 0.966666666667
511 0.966666666667
512 0.966666666667
513 0.966666666667
514 0.966666666667
515 0.966666666667
516 0.933333333333
517 0.933333333333
518 0.9
519 0.9
520 0.9
521 0.9
522 0.9
523 0.9
524 0.9
525 0.9
526 0.9
527 0.9
528 0.9
529 0.866666666667
530 0.9
531 0.9
532 0.9
533 0.9
534 0.9
535 0.9
536 0.9
537 0.9
538 0.9
539 0.9
540 0.9
541 0.9
542 0.9
543 0.9
544 0.9
545 0.9
546 0.933333333333
547 0.933333333333
548 0.966666666667
549 0.966666666667
550 0.966666666667
551 0.966666666667
552 0.966666666667
553 0.966666666667
554 0.966666666667
555 0.966666666667
556 0.966666666667
557 0.966666666667
558 0.966666666667
559 1.0
560 1.0
561 1.0
562 1.0
563 0.966666666667
564 0.966666666667
565 0.966666666667
566 0.966666666667
567 0.966666666667
568 0.966666666667
569 0.966666666667
570 0.966666666667
571 0.933333333333
572 0.933333333333
573 0.933333333333
574 0.933333333333
575 0.933333333333
576 0.933333333333
577 0.933333333333
578 0.933333333333
579 0.933333333333
580 0.933333333333
581 0.933333333333
582 0.933333333333
583 0.933333333333
584 0.933333333333
585 0.933333333333
586 0.933333333333
587 0.933333333333
588 0.933333333333
589 0.933333333333
590 0.933333333333
591 0.933333333333
592 0.933333333333
593 0.966666666667
594 0.966666666667
595 0.966666666667
596 0.966666666667
597 0.966666666667
598 0.966666666667
599 0.966666666667
600 0.966666666667
601 1.0
602 1.0
603 0.966666666667
604 0.966666666667
605 0.966666666667
606 0.966666666667
607 0.966666666667
608 0.966666666667
609 0.966666666667
610 0.966666666667
611 0.966666666667
612 0.966666666667
613 0.966666666667
614 0.966666666667
615 0.966666666667
616 0.966666666667
617 0.966666666667
618 0.966666666667
619 0.966666666667
620 0.966666666667
621 0.966666666667
622 0.966666666667
623 0.966666666667
624 0.966666666667
625 0.966666666667
626 0.966666666667
627 0.933333333333
628 0.933333333333
629 0.933333333333
630 0.933333333333
631 0.933333333333
632 0.933333333333
633 0.966666666667
634 0.966666666667
635 0.966666666667
636 0.966666666667
637 0.966666666667
638 0.966666666667
639 0.966666666667
640 0.966666666667
641 0.966666666667
642 0.966666666667
643 0.966666666667
644 0.966666666667
645 0.966666666667
646 0.966666666667
647 0.966666666667
648 0.966666666667
649 0.966666666667
650 0.966666666667
651 0.966666666667
652 0.966666666667
653 0.966666666667
654 0.966666666667
655 0.966666666667
656 0.966666666667
657 1.0
658 0.966666666667
659 0.966666666667
660 0.966666666667
661 0.966666666667
662 0.966666666667
663 0.966666666667
664 0.966666666667
665 0.966666666667
666 0.966666666667
667 0.966666666667
668 0.966666666667
669 0.966666666667
670 0.966666666667
671 0.933333333333
672 0.933333333333
673 0.933333333333
674 0.933333333333
675 0.933333333333
676 0.933333333333
677 0.9
678 0.9
679 0.9
680 0.9
681 0.9
682 0.866666666667
683 0.866666666667
684 0.866666666667
685 0.866666666667
686 0.833333333333
687 0.833333333333
688 0.866666666667
689 0.866666666667
690 0.866666666667
691 0.866666666667
692 0.866666666667
693 0.866666666667
694 0.866666666667
695 0.866666666667
696 0.866666666667
697 0.866666666667
698 0.866666666667
699 0.866666666667
700 0.866666666667
701 0.9
702 0.9
703 0.9
704 0.9
705 0.9
706 0.9
707 0.933333333333
708 0.933333333333
709 0.933333333333
710 0.933333333333
711 0.933333333333
712 0.966666666667
713 0.966666666667
714 0.966666666667
715 0.966666666667
716 1.0
717 1.0
718 1.0
719 0.966666666667
720 0.966666666667
721 0.933333333333
722 0.933333333333
723 0.933333333333
724 0.933333333333
725 0.933333333333
726 0.933333333333
727 0.933333333333
728 0.933333333333
729 0.933333333333
730 0.933333333333
731 0.933333333333
732 0.933333333333
733 0.933333333333
734 0.933333333333
735 0.933333333333
736 0.933333333333
737 0.933333333333
738 0.933333333333
739 0.933333333333
740 0.933333333333
741 0.9
742 0.9
743 0.866666666667
744 0.866666666667
745 0.833333333333
746 0.833333333333
747 0.833333333333
748 0.833333333333
749 0.833333333333
750 0.833333333333
751 0.866666666667
752 0.866666666667
753 0.866666666667
754 0.866666666667
755 0.866666666667
756 0.866666666667
757 0.866666666667
758 0.866666666667
759 0.866666666667
760 0.866666666667
761 0.833333333333
762 0.833333333333
763 0.833333333333
764 0.833333333333
765 0.833333333333
766 0.833333333333
767 0.833333333333
768 0.833333333333
769 0.833333333333
770 0.833333333333
771 0.833333333333
772 0.833333333333
773 0.866666666667
774 0.866666666667
775 0.9
776 0.9
777 0.9
778 0.9
779 0.933333333333
780 0.9
781 0.9
782 0.9
783 0.9
784 0.9
785 0.9
786 0.9
787 0.9
788 0.9
789 0.9
790 0.9
791 0.933333333333
792 0.933333333333
793 0.933333333333
794 0.933333333333
795 0.9
796 0.9
797 0.9
798 0.9
799 0.9
800 0.9
801 0.933333333333
802 0.933333333333
803 0.933333333333
804 0.933333333333
805 0.933333333333
806 0.933333333333
807 0.933333333333
808 0.933333333333
809 0.933333333333
810 0.966666666667
811 0.966666666667
812 0.966666666667
813 0.933333333333
814 0.933333333333
815 0.933333333333
816 0.933333333333
817 0.933333333333
818 0.933333333333
819 0.933333333333
820 0.933333333333
821 0.933333333333
822 0.933333333333
823 0.933333333333
824 0.933333333333
825 0.966666666667
826 0.966666666667
827 0.966666666667
828 0.966666666667
829 0.966666666667
830 0.966666666667
831 0.966666666667
832 0.966666666667
833 0.966666666667
834 0.966666666667
835 0.966666666667
836 0.966666666667
837 0.966666666667
838 0.966666666667
839 0.966666666667
840 0.966666666667
841 0.966666666667
842 0.966666666667
843 1.0
844 1.0
845 1.0
846 1.0
847 1.0
848 1.0
849 1.0
850 1.0
851 1.0
852 0.966666666667
853 0.966666666667
854 0.966666666667
855 0.966666666667
856 0.966666666667
857 0.966666666667
858 0.966666666667
859 0.966666666667
860 0.966666666667
861 0.933333333333
862 0.933333333333
863 0.933333333333
864 0.933333333333
865 0.933333333333
866 0.933333333333
867 0.933333333333
868 0.933333333333
869 0.9
870 0.9
871 0.9
872 0.9
873 0.9
874 0.9
875 0.9
876 0.9
877 0.9
878 0.9
879 0.9
880 0.9
881 0.9
882 0.933333333333
883 0.9
884 0.9
885 0.9
886 0.9
887 0.9
888 0.866666666667
889 0.866666666667
890 0.866666666667
891 0.9
892 0.9
893 0.9
894 0.9
895 0.866666666667
896 0.866666666667
897 0.866666666667
898 0.866666666667
899 0.9
900 0.9
901 0.9
902 0.9
903 0.9
904 0.9
905 0.9
906 0.9
907 0.9
908 0.9
909 0.9
910 0.9
911 0.9
912 0.9
913 0.933333333333
914 0.933333333333
915 0.933333333333
916 0.933333333333
917 0.933333333333
918 0.966666666667
919 0.966666666667
920 0.966666666667
921 0.966666666667
922 0.966666666667
923 0.966666666667
924 0.966666666667
925 1.0
926 1.0
927 1.0
928 1.0
929 1.0
930 1.0
931 1.0
932 1.0
933 1.0
934 1.0
935 1.0
936 1.0
937 1.0
938 1.0
939 1.0
940 1.0
941 1.0
942 1.0
943 1.0
944 1.0
945 1.0
946 1.0
947 1.0
948 1.0
949 1.0
950 1.0
951 1.0
952 1.0
953 1.0
954 1.0
955 1.0
956 1.0
957 1.0
958 1.0
959 1.0
960 1.0
961 1.0
962 1.0
963 1.0
964 1.0
965 1.0
966 1.0
967 1.0
968 1.0
969 1.0
970 1.0
971 1.0
972 1.0
973 1.0
974 1.0
975 1.0
976 1.0
977 1.0
978 0.966666666667
979 0.966666666667
980 0.966666666667
981 0.966666666667
982 0.966666666667
983 0.966666666667
984 0.966666666667
985 0.966666666667
986 0.966666666667
987 0.966666666667
988 0.966666666667
989 0.966666666667
990 0.966666666667
991 0.966666666667
992 0.966666666667
993 0.966666666667
994 0.966666666667
995 0.966666666667
996 0.966666666667
997 0.966666666667
998 0.966666666667
999 0.966666666667
1000 0.933333333333
