30 0.533333333333
31 0.533333333333
32 0.5
33 0.466666666667
34 0.5
35 0.5
36 0.466666666667
37 0.466666666667
38 0.466666666667
39 0.5
40 0.533333333333
41 0.566666666667
42 0.6
43 0.566666666667
44 0.533333333333
45 0.566666666667
46 0.566666666667
47 0.533333333333
48 0.533333333333
49 0.533333333333
50 0.566666666667
51 0.566666666667
52 0.566666666667
53 0.533333333333
54 0.566666666667
55 0.566666666667
56 0.566666666667
57 0.6
58 0.566666666667
59 0.6
60 0.566666666667
61 0.533333333333
62 0.566666666667
63 0.6
64 0.6
65 0.6
66 0.6
67 0.6
68 0.6
69 0.6
70 0.6
71 0.566666666667
72 0.533333333333
73 0.566666666667
74 0.566666666667
75 0.533333333333
76 0.533333333333
77 0.533333333333
78 0.5
79 0.5
80 0.5
81 0.533333333333
82 0.533333333333
83 0.533333333333
84 0.533333333333
85 0.533333333333
86 0.533333333333
87 0.5
88 0.533333333333
89 0.5
90 0.5
91 0.533333333333
92 0.533333333333
93 0.533333333333
94 0.533333333333
95 0.5
96 0.533333333333
97 0.5
98 0.5
99 0.466666666667
100 0.433333333333
101 0.466666666667
102 0.5
103 0.5
104 0.533333333333
105 0.533333333333
106 0.5
107 0.533333333333
108 0.533333333333
109 0.566666666667
110 0.533333333333
111 0.5
112 0.5
113 0.533333333333
114 0.533333333333
115 0.566666666667
116 0.566666666667
117 0.6
118 0.6
119 0.6
120 0.633333333333
121 0.633333333333
122 0.6
123 0.6
124 0.6
125 0.6
126 0.6
127 0.633333333333
128 0.633333333333
129 0.666666666667
130 0.666666666667
131 0.666666666667
132 0.666666666667
133 0.633333333333
134 0.633333333333
135 0.666666666667
136 0.666666666667
137 0.633333333333
138 0.666666666667
139 0.633333333333
140 0.633333333333
141 0.633333333333
142 0.633333333333
143 0.633333333333
144 0.633333333333
145 0.633333333333
146 0.633333333333
147 0.633333333333
148 0.633333333333
149 0.666666666667
150 0.666666666667
151 0.666666666667
152 0.666666666667
153 0.666666666667
154 0.666666666667
155 0.7
156 0.7
157 0.7
158 0.7
159 0.7
160 0.7
161 0.666666666667
162 0.666666666667
163 0.7
164 0.7
165 0.7
166 0.7
167 0.733333333333
168 0.733333333333
169 0.733333333333
170 0.733333333333
171 0.766666666667
172 0.766666666667
173 0.733333333333
174 0.733333333333
175 0.7
176 0.7
177 0.7
178 0.666666666667
179 0.666666666667
180 0.633333333333
181 0.6
182 0.6
183 0.6
184 0.6
185 0.566666666667
186 0.533333333333
187 0.533333333333
188 0.533333333333
189 0.5
190 0.5
191 0.5
192 0.466666666667
193 0.466666666667
194 0.433333333333
195 0.433333333333
196 0.466666666667
197 0.433333333333
198 0.433333333333
199 0.466666666667
200 0.5
201 0.5
202 0.466666666667
203 0.466666666667
204 0.466666666667
205 0.5
206 0.5
207 0.466666666667
208 0.5
209 0.466666666667
210 0.5
211 0.5
212 0.533333333333
213 0.5
214 0.5
215 0.533333333333
216 0.533333333333
217 0.533333333333
218 0.566666666667
219 0.6
220 0.633333333333
221 0.666666666667
222 0.7
223 0.7
224 0.733333333333
225 0.733333333333
226 0.733333333333
227 0.733333333333
228 0.733333333333
229 0.733333333333
230 0.733333333333
231 0.733333333333
232 0.733333333333
233 0.766666666667
234 0.766666666667
235 0.766666666667
236 0.766666666667
237 0.766666666667
238 0.733333333333
239 0.733333333333
240 0.7
241 0.733333333333
242 0.7
243 0.7
244 0.7
245 0.7
246 0.733333333333
247 0.733333333333
248 0.733333333333
249 0.7
250 0.7
251 0.7
252 0.7
253 0.7
254 0.7
255 0.7
256 0.7
257 0.733333333333
258 0.733333333333
259 0.733333333333
260 0.7
261 0.7
262 0.7
263 0.7
264 0.7
265 0.7
266 0.7
267 0.7
268 0.733333333333
269 0.766666666667
270 0.8
271 0.8
272 0.8
273 0.833333333333
274 0.833333333333
275 0.833333333333
276 0.833333333333
277 0.833333333333
278 0.8
279 0.833333333333
280 0.8
281 0.8
282 0.8
283 0.8
284 0.8
285 0.766666666667
286 0.733333333333
287 0.733333333333
288 0.7
289 0.666666666667
290 0.666666666667
291 0.633333333333
292 0.666666666667
293 0.666666666667
294 0.633333333333
295 0.633333333333
296 0.633333333333
297 0.666666666667
298 0.666666666667
299 0.666666666667
300 0.666666666667
301 0.666666666667
302 0.7
303 0.7
304 0.7
305 0.666666666667
306 0.666666666667
307 0.666666666667
308 0.7
309 0.7
310 0.733333333333
311 0.7
312 0.666666666667
313 0.666666666667
314 0.666666666667
315 0.666666666667
316 0.7
317 0.7
318 0.7
319 0.733333333333
320 0.733333333333
321 0.766666666667
322 0.766666666667
323 0.766666666667
324 0.8
325 0.766666666667
326 0.733333333333
327 0.733333333333
328 0.733333333333
329 0.733333333333
330 0.733333333333
331 0.7
332 0.666666666667
333 0.666666666667
334 0.666666666667
335 0.7
336 0.7
337 0.7
338 0.7
339 0.666666666667
340 0.666666666667
341 0.666666666667
342 0.7
343 0.7
344 0.7
345 0.7
346 0.666666666667
347 0.633333333333
348 0.666666666667
349 0.666666666667
350 0.666666666667
351 0.633333333333
352 0.633333333333
353 0.633333333333
354 0.633333333333
355 0.666666666667
356 0.666666666667
357 0.633333333333
358 0.633333333333
359 0.6
360 0.6
361 0.633333333333
362 0.633333333333
363 0.633333333333
364 0.6
365 0.566666666667
366 0.566666666667
367 0.566666666667
368 0.566666666667
369 0.6
370 0.6
371 0.6
372 0.566666666667
373 0.566666666667
374 0.566666666667
375 0.6
376 0.6
377 0.633333333333
378 0.633333333333
379 0.6
380 0.633333333333
381 0.666666666667
382 0.666666666667
383 0.666666666667
384 0.633333333333
385 0.633333333333
386 0.666666666667
387 0.7
388 0.7
389 0.733333333333
390 0.733333333333
391 0.733333333333
392 0.766666666667
393 0.766666666667
394 0.8
395 0.833333333333
396 0.8
397 0.766666666667
398 0.766666666667
399 0.766666666667
400 0.766666666667
401 0.8
402 0.833333333333
403 0.833333333333
404 0.833333333333
405 0.8
406 0.833333333333
407 0.8
408 0.766666666667
409 0.766666666667
410 0.766666666667
411 0.766666666667
412 0.766666666667
413 0.766666666667
414 0.8
415 0.8
416 0.766666666667
417 0.733333333333
418 0.7
419 0.7
420 0.666666666667
421 0.666666666667
422 0.666666666667
423 0.666666666667
424 0.666666666667
425 0.666666666667
426 0.7
427 0.733333333333
428 0.733333333333
429 0.7
430 0.7
431 0.7
432 0.666666666667
433 0.666666666667
434 0.666666666667
435 0.7
436 0.7
437 0.7
438 0.733333333333
439 0.766666666667
440 0.733333333333
441 0.7
442 0.7
443 0.7
444 0.7
445 0.7
446 0.7
447 0.7
448 0.7
449 0.7
450 0.733333333333
451 0.733333333333
452 0.733333333333
453 0.733333333333
454 0.7
455 0.7
456 0.7
457 0.7
458 0.7
459 0.733333333333
460 0.733333333333
461 0.733333333333
462 0.766666666667
463 0.766666666667
464 0.733333333333
465 0.733333333333
466 0.7
467 0.733333333333
468 0.7
469 0.7
470 0.7
471 0.733333333333
472 0.733333333333
473 0.733333333333
474 0.733333333333
475 0.733333333333
476 0.766666666667
477 0.766666666667
478 0.8
479 0.8
480 0.8
481 0.8
482 0.8
483 0.8
484 0.8
485 0.8
486 0.8
487 0.8
488 0.8
489 0.8
490 0.766666666667
491 0.733333333333
492 0.7
493 0.666666666667
494 0.666666666667
495 0.633333333333
496 0.666666666667
497 0.633333333333
498 0.633333333333
499 0.633333333333
500 0.666666666667
501 0.666666666667
502 0.666666666667
503 0.633333333333
504 0.6
505 0.6
506 0.6
507 0.6
508 0.6
509 0.6
510 0.6
511 0.6
512 0.6
513 0.6
514 0.633333333333
515 0.633333333333
516 0.633333333333
517 0.633333333333
518 0.6
519 0.566666666667
520 0.6
521 0.633333333333
522 0.666666666667
523 0.7
524 0.7
525 0.733333333333
526 0.733333333333
527 0.733333333333
528 0.766666666667
529 0.766666666667
530 0.766666666667
531 0.733333333333
532 0.7
533 0.7
534 0.733333333333
535 0.733333333333
536 0.733333333333
537 0.766666666667
538 0.766666666667
539 0.766666666667
540 0.766666666667
541 0.766666666667
542 0.766666666667
543 0.733333333333
544 0.733333333333
545 0.7
546 0.666666666667
547 0.666666666667
548 0.7
549 0.7
550 0.7
551 0.666666666667
552 0.666666666667
553 0.633333333333
554 0.666666666667
555 0.666666666667
556 0.633333333333
557 0.633333333333
558 0.6
559 0.6
560 0.566666666667
561 0.6
562 0.6
563 0.633333333333
564 0.6
565 0.566666666667
566 0.566666666667
567 0.533333333333
568 0.533333333333
569 0.533333333333
570 0.533333333333
571 0.533333333333
572 0.5
573 0.5
574 0.5
575 0.533333333333
576 0.566666666667
577 0.533333333333
578 0.533333333333
579 0.566666666667
580 0.533333333333
581 0.566666666667
582 0.533333333333
583 0.566666666667
584 0.533333333333
585 0.5
586 0.5
587 0.533333333333
588 0.533333333333
589 0.533333333333
590 0.533333333333
591 0.533333333333
592 0.566666666667
593 0.533333333333
594 0.566666666667
595 0.6
596 0.6
597 0.6
598 0.6
599 0.6
600 0.566666666667
601 0.533333333333
602 0.566666666667
603 0.566666666667
604 0.566666666667
605 0.566666666667
606 0.566666666667
607 0.6
608 0.6
609 0.6
610 0.633333333333
611 0.633333333333
612 0.666666666667
613 0.633333333333
614 0.666666666667
615 0.7
616 0.733333333333
617 0.733333333333
618 0.733333333333
619 0.7
620 0.7
621 0.666666666667
622 0.666666666667
623 0.7
624 0.666666666667
625 0.666666666667
626 0.633333333333
627 0.666666666667
628 0.666666666667
629 0.633333333333
630 0.666666666667
631 0.666666666667
632 0.666666666667
633 0.7
634 0.666666666667
635 0.666666666667
636 0.666666666667
637 0.666666666667
638 0.666666666667
639 0.666666666667
640 0.633333333333
641 0.633333333333
642 0.633333333333
643 0.666666666667
644 0.666666666667
645 0.666666666667
646 0.666666666667
647 0.633333333333
648 0.666666666667
649 0.666666666667
650 0.7
651 0.733333333333
652 0.733333333333
653 0.7
654 0.733333333333
655 0.7
656 0.733333333333
657 0.7
658 0.7
659 0.733333333333
660 0.733333333333
661 0.766666666667
662 0.766666666667
663 0.766666666667
664 0.8
665 0.8
666 0.766666666667
667 0.766666666667
668 0.766666666667
669 0.733333333333
670 0.733333333333
671 0.7
672 0.7
673 0.7
674 0.666666666667
675 0.666666666667
676 0.666666666667
677 0.7
678 0.7
679 0.733333333333
680 0.733333333333
681 0.733333333333
682 0.7
683 0.733333333333
684 0.733333333333
685 0.766666666667
686 0.766666666667
687 0.8
688 0.8
689 0.8
690 0.8
691 0.766666666667
692 0.766666666667
693 0.733333333333
694 0.7
695 0.7
696 0.7
697 0.7
698 0.7
699 0.733333333333
700 0.766666666667
701 0.8
702 0.8
703 0.766666666667
704 0.8
705 0.766666666667
706 0.766666666667
707 0.733333333333
708 0.733333333333
709 0.733333333333
710 0.7
711 0.7
712 0.733333333333
713 0.733333333333
714 0.733333333333
715 0.733333333333
716 0.7
717 0.7
718 0.7
719 0.7
720 0.666666666667
721 0.666666666667
722 0.666666666667
723 0.666666666667
724 0.666666666667
725 0.633333333333
726 0.666666666667
727 0.666666666667
728 0.666666666667
729 0.666666666667
730 0.666666666667
731 0.666666666667
732 0.666666666667
733 0.666666666667
734 0.633333333333
735 0.666666666667
736 0.666666666667
737 0.7
738 0.7
739 0.666666666667
740 0.666666666667
741 0.666666666667
742 0.633333333333
743 0.633333333333
744 0.633333333333
745 0.633333333333
746 0.633333333333
747 0.6
748 0.6
749 0.566666666667
750 0.566666666667
751 0.6
752 0.6
753 0.6
754 0.633333333333
755 0.666666666667
756 0.633333333333
757 0.633333333333
758 0.633333333333
759 0.6
760 0.6
761 0.6
762 0.566666666667
763 0.6
764 0.633333333333
765 0.633333333333
766 0.633333333333
767 0.633333333333
768 0.633333333333
769 0.666666666667
770 0.7
771 0.666666666667
772 0.7
773 0.7
774 0.7
775 0.7
776 0.733333333333
777 0.766666666667
778 0.766666666667
779 0.8
780 0.8
781 0.8
782 0.766666666667
783 0.766666666667
784 0.766666666667
785 0.733333333333
786 0.766666666667
787 0.733333333333
788 0.733333333333
789 0.766666666667
790 0.733333333333
791 0.733333333333
792 0.733333333333
793 0.7
794 0.7
795 0.7
796 0.7
797 0.666666666667
798 0.666666666667
799 0.633333333333
800 0.633333333333
801 0.633333333333
802 0.6
803 0.566666666667
804 0.566666666667
805 0.566666666667
806 0.566666666667
807 0.566666666667
808 0.566666666667
809 0.533333333333
810 0.566666666667
811 0.533333333333
812 0.533333333333
813 0.566666666667
814 0.566666666667
815 0.6
816 0.6
817 0.633333333333
818 0.633333333333
819 0.6
820 0.633333333333
821 0.633333333333
822 0.633333333333
823 0.666666666667
824 0.633333333333
825 0.6
826 0.6
827 0.633333333333
828 0.6
829 0.633333333333
830 0.6
831 0.633333333333
832 0.666666666667
833 0.666666666667
834 0.633333333333
835 0.633333333333
836 0.6
837 0.6
838 0.6
839 0.633333333333
840 0.6
841 0.6
842 0.633333333333
843 0.6
844 0.566666666667
845 0.566666666667
846 0.533333333333
847 0.533333333333
848 0.533333333333
849 0.533333333333
850 0.533333333333
851 0.5
852 0.5
853 0.466666666667
854 0.5
855 0.5
856 0.5
857 0.5
858 0.533333333333
859 0.533333333333
860 0.533333333333
861 0.533333333333
862 0.533333333333
863 0.566666666667
864 0.6
865 0.6
866 0.6
867 0.6
868 0.6
869 0.6
870 0.6
871 0.6
872 0.6
873 0.6
874 0.633333333333
875 0.633333333333
876 0.633333333333
877 0.6
878 0.566666666667
879 0.566666666667
880 0.566666666667
881 0.6
882 0.633333333333
883 0.666666666667
884 0.666666666667
885 0.7
886 0.7
887 0.7
888 0.7
889 0.7
890 0.7
891 0.7
892 0.666666666667
893 0.666666666667
894 0.666666666667
895 0.666666666667
896 0.666666666667
897 0.666666666667
898 0.666666666667
899 0.633333333333
900 0.633333333333
901 0.666666666667
902 0.666666666667
903 0.7
904 0.666666666667
905 0.666666666667
906 0.666666666667
907 0.7
908 0.7
909 0.733333333333
910 0.733333333333
911 0.733333333333
912 0.733333333333
913 0.733333333333
914 0.733333333333
915 0.733333333333
916 0.733333333333
917 0.733333333333
918 0.7
919 0.7
920 0.733333333333
921 0.733333333333
922 0.766666666667
923 0.766666666667
924 0.733333333333
925 0.7
926 0.733333333333
927 0.7
928 0.7
929 0.733333333333
930 0.766666666667
931 0.733333333333
932 0.733333333333
933 0.733333333333
934 0.766666666667
935 0.733333333333
936 0.766666666667
937 0.733333333333
938 0.766666666667
939 0.766666666667
940 0.766666666667
941 0.766666666667
942 0.766666666667
943 0.766666666667
944 0.766666666667
945 0.766666666667
946 0.733333333333
947 0.733333333333
948 0.766666666667
949 0.733333333333
950 0.733333333333
951 0.733333333333
952 0.733333333333
953 0.733333333333
954 0.766666666667
955 0.8
956 0.8
957 0.8
958 0.8
959 0.766666666667
960 0.766666666667
961 0.8
962 0.8
963 0.8
964 0.766666666667
965 0.8
966 0.8
967 0.833333333333
968 0.833333333333
969 0.833333333333
970 0.833333333333
971 0.833333333333
972 0.833333333333
973 0.833333333333
974 0.833333333333
975 0.833333333333
976 0.866666666667
977 0.866666666667
978 0.866666666667
979 0.9
980 0.9
981 0.9
982 0.866666666667
983 0.866666666667
984 0.866666666667
985 0.866666666667
986 0.866666666667
987 0.9
988 0.866666666667
989 0.866666666667
990 0.866666666667
991 0.866666666667
992 0.833333333333
993 0.833333333333
994 0.833333333333
995 0.8
996 0.8
997 0.766666666667
998 0.766666666667
999 0.766666666667
1000 0.733333333333
