30 0.366666666667
31 0.366666666667
32 0.4
33 0.4
34 0.433333333333
35 0.4
36 0.4
37 0.4
38 0.4
39 0.433333333333
40 0.466666666667
41 0.5
42 0.5
43 0.533333333333
44 0.5
45 0.5
46 0.5
47 0.5
48 0.466666666667
49 0.466666666667
50 0.5
51 0.466666666667
52 0.433333333333
53 0.433333333333
54 0.433333333333
55 0.433333333333
56 0.433333333333
57 0.433333333333
58 0.433333333333
59 0.433333333333
60 0.4
61 0.4
62 0.4
63 0.4
64 0.366666666667
65 0.4
66 0.4
67 0.4
68 0.4
69 0.4
70 0.366666666667
71 0.366666666667
72 0.4
73 0.366666666667
74 0.366666666667
75 0.4
76 0.366666666667
77 0.366666666667
78 0.366666666667
79 0.4
80 0.4
81 0.433333333333
82 0.433333333333
83 0.466666666667
84 0.5
85 0.5
86 0.533333333333
87 0.5
88 0.5
89 0.533333333333
90 0.566666666667
91 0.6
92 0.6
93 0.633333333333
94 0.633333333333
95 0.633333333333
96 0.666666666667
97 0.666666666667
98 0.7
99 0.7
100 0.7
101 0.7
102 0.7
103 0.733333333333
104 0.766666666667
105 0.766666666667
106 0.766666666667
107 0.733333333333
108 0.733333333333
109 0.733333333333
110 0.733333333333
111 0.733333333333
112 0.733333333333
113 0.733333333333
114 0.733333333333
115 0.733333333333
116 0.733333333333
117 0.733333333333
118 0.7
119 0.666666666667
120 0.633333333333
121 0.6
122 0.566666666667
123 0.566666666667
124 0.6
125 0.566666666667
126 0.566666666667
127 0.566666666667
128 0.566666666667
129 0.533333333333
130 0.566666666667
131 0.533333333333
132 0.533333333333
133 0.5
134 0.5
135 0.466666666667
136 0.466666666667
137 0.466666666667
138 0.466666666667
139 0.466666666667
140 0.433333333333
141 0.4
142 0.4
143 0.4
144 0.366666666667
145 0.4
146 0.366666666667
147 0.366666666667
148 0.4
149 0.433333333333
150 0.433333333333
151 0.466666666667
152 0.466666666667
153 0.466666666667
154 0.433333333333
155 0.466666666667
156 0.433333333333
157 0.4
158 0.4
159 0.4
160 0.4
161 0.4
162 0.4
163 0.4
164 0.4
165 0.433333333333
166 0.433333333333
167 0.466666666667
168 0.5
169 0.5
170 0.5
171 0.533333333333
172 0.533333333333
173 0.5
174 0.5
175 0.5
176 0.533333333333
177 0.566666666667
178 0.566666666667
179 0.533333333333
180 0.533333333333
181 0.533333333333
182 0.533333333333
183 0.5
184 0.533333333333
185 0.533333333333
186 0.566666666667
187 0.566666666667
188 0.533333333333
189 0.533333333333
190 0.5
191 0.5
192 0.466666666667
193 0.5
194 0.466666666667
195 0.433333333333
196 0.466666666667
197 0.433333333333
198 0.433333333333
199 0.433333333333
200 0.433333333333
201 0.433333333333
202 0.466666666667
203 0.466666666667
204 0.466666666667
205 0.466666666667
206 0.466666666667
207 0.433333333333
208 0.4
209 0.433333333333
210 0.466666666667
211 0.466666666667
212 0.5
213 0.5
214 0.466666666667
215 0.466666666667
216 0.466666666667
217 0.5
218 0.5
219 0.5
220 0.5
221 0.533333333333
222 0.533333333333
223 0.5
224 0.5
225 0.5
226 0.466666666667
227 0.466666666667
228 0.433333333333
229 0.433333333333
230 0.466666666667
231 0.433333333333
232 0.433333333333
233 0.433333333333
234 0.466666666667
235 0.433333333333
236 0.433333333333
237 0.466666666667
238 0.5
239 0.5
240 0.5
241 0.466666666667
242 0.433333333333
243 0.433333333333
244 0.466666666667
245 0.433333333333
246 0.4
247 0.4
248 0.433333333333
249 0.466666666667
250 0.5
251 0.5
252 0.5
253 0.5
254 0.533333333333
255 0.566666666667
256 0.6
257 0.633333333333
258 0.633333333333
259 0.633333333333
260 0.6
261 0.633333333333
262 0.633333333333
263 0.633333333333
264 0.633333333333
265 0.666666666667
266 0.666666666667
267 0.633333333333
268 0.6
269 0.6
270 0.566666666667
271 0.6
272 0.633333333333
273 0.633333333333
274 0.6
275 0.633333333333
276 0.666666666667
277 0.633333333333
278 0.6
279 0.566666666667
280 0.566666666667
281 0.566666666667
282 0.6
283 0.6
284 0.6
285 0.6
286 0.6
287 0.566666666667
288 0.566666666667
289 0.533333333333
290 0.533333333333
291 0.5
292 0.466666666667
293 0.5
294 0.466666666667
295 0.466666666667
296 0.466666666667
297 0.5
298 0.533333333333
299 0.533333333333
300 0.566666666667
301 0.533333333333
302 0.533333333333
303 0.533333333333
304 0.533333333333
305 0.5
306 0.5
307 0.5
308 0.5
309 0.5
310 0.5
311 0.5
312 0.5
313 0.533333333333
314 0.5
315 0.466666666667
316 0.433333333333
317 0.433333333333
318 0.466666666667
319 0.466666666667
320 0.466666666667
321 0.466666666667
322 0.466666666667
323 0.433333333333
324 0.466666666667
325 0.433333333333
326 0.4
327 0.4
328 0.366666666667
329 0.366666666667
330 0.333333333333
331 0.333333333333
332 0.3
333 0.333333333333
334 0.333333333333
335 0.366666666667
336 0.333333333333
337 0.333333333333
338 0.366666666667
339 0.366666666667
340 0.366666666667
341 0.333333333333
342 0.333333333333
343 0.3
344 0.333333333333
345 0.366666666667
346 0.366666666667
347 0.366666666667
348 0.333333333333
349 0.333333333333
350 0.333333333333
351 0.366666666667
352 0.366666666667
353 0.366666666667
354 0.333333333333
355 0.333333333333
356 0.366666666667
357 0.366666666667
358 0.366666666667
359 0.366666666667
360 0.366666666667
361 0.4
362 0.433333333333
363 0.4
364 0.433333333333
365 0.4
366 0.433333333333
367 0.433333333333
368 0.433333333333
369 0.433333333333
370 0.4
371 0.4
372 0.4
373 0.433333333333
374 0.4
375 0.366666666667
376 0.366666666667
377 0.366666666667
378 0.4
379 0.4
380 0.4
381 0.366666666667
382 0.366666666667
383 0.366666666667
384 0.366666666667
385 0.366666666667
386 0.333333333333
387 0.3
388 0.333333333333
389 0.3
390 0.3
391 0.266666666667
392 0.233333333333
393 0.266666666667
394 0.266666666667
395 0.266666666667
396 0.266666666667
397 0.266666666667
398 0.233333333333
399 0.266666666667
400 0.3
401 0.333333333333
402 0.3
403 0.3
404 0.333333333333
405 0.333333333333
406 0.333333333333
407 0.333333333333
408 0.333333333333
409 0.333333333333
410 0.333333333333
411 0.333333333333
412 0.333333333333
413 0.366666666667
414 0.366666666667
415 0.4
416 0.4
417 0.4
418 0.4
419 0.4
420 0.433333333333
421 0.466666666667
422 0.466666666667
423 0.433333333333
424 0.433333333333
425 0.466666666667
426 0.433333333333
427 0.466666666667
428 0.5
429 0.5
430 0.466666666667
431 0.433333333333
432 0.433333333333
433 0.4
434 0.366666666667
435 0.4
436 0.4
437 0.433333333333
438 0.4
439 0.4
440 0.433333333333
441 0.433333333333
442 0.433333333333
443 0.4
444 0.4
445 0.4
446 0.4
447 0.433333333333
448 0.433333333333
449 0.466666666667
450 0.466666666667
451 0.466666666667
452 0.5
453 0.533333333333
454 0.533333333333
455 0.5
456 0.5
457 0.5
458 0.5
459 0.466666666667
460 0.466666666667
461 0.466666666667
462 0.466666666667
463 0.466666666667
464 0.466666666667
465 0.466666666667
466 0.5
467 0.5
468 0.5
469 0.533333333333
470 0.5
471 0.533333333333
472 0.566666666667
473 0.6
474 0.6
475 0.566666666667
476 0.6
477 0.566666666667
478 0.566666666667
479 0.566666666667
480 0.566666666667
481 0.533333333333
482 0.5
483 0.5
484 0.466666666667
485 0.466666666667
486 0.5
487 0.466666666667
488 0.466666666667
489 0.466666666667
490 0.466666666667
491 0.466666666667
492 0.466666666667
493 0.466666666667
494 0.5
495 0.466666666667
496 0.433333333333
497 0.4
498 0.4
499 0.4
500 0.433333333333
501 0.4
502 0.366666666667
503 0.333333333333
504 0.366666666667
505 0.4
506 0.366666666667
507 0.4
508 0.4
509 0.366666666667
510 0.333333333333
511 0.333333333333
512 0.333333333333
513 0.3
514 0.3
515 0.3
516 0.3
517 0.333333333333
518 0.3
519 0.333333333333
520 0.333333333333
521 0.333333333333
522 0.366666666667
523 0.4
524 0.4
525 0.433333333333
526 0.433333333333
527 0.433333333333
528 0.466666666667
529 0.433333333333
530 0.433333333333
531 0.466666666667
532 0.466666666667
533 0.466666666667
534 0.433333333333
535 0.4
536 0.4
537 0.366666666667
538 0.333333333333
539 0.333333333333
540 0.366666666667
541 0.4
542 0.4
543 0.4
544 0.4
545 0.4
546 0.4
547 0.4
548 0.4
549 0.4
550 0.4
551 0.433333333333
552 0.4
553 0.366666666667
554 0.366666666667
555 0.333333333333
556 0.366666666667
557 0.4
558 0.366666666667
559 0.366666666667
560 0.333333333333
561 0.3
562 0.333333333333
563 0.333333333333
564 0.366666666667
565 0.366666666667
566 0.4
567 0.4
568 0.433333333333
569 0.433333333333
570 0.4
571 0.366666666667
572 0.4
573 0.433333333333
574 0.466666666667
575 0.5
576 0.466666666667
577 0.466666666667
578 0.5
579 0.466666666667
580 0.466666666667
581 0.433333333333
582 0.466666666667
583 0.5
584 0.5
585 0.533333333333
586 0.533333333333
587 0.533333333333
588 0.566666666667
589 0.566666666667
590 0.566666666667
591 0.566666666667
592 0.533333333333
593 0.533333333333
594 0.5
595 0.5
596 0.5
597 0.5
598 0.466666666667
599 0.466666666667
600 0.466666666667
601 0.466666666667
602 0.466666666667
603 0.433333333333
604 0.433333333333
605 0.4
606 0.4
607 0.4
608 0.4
609 0.433333333333
610 0.466666666667
611 0.5
612 0.466666666667
613 0.466666666667
614 0.433333333333
615 0.4
616 0.366666666667
617 0.366666666667
618 0.333333333333
619 0.333333333333
620 0.366666666667
621 0.366666666667
622 0.366666666667
623 0.4
624 0.4
625 0.433333333333
626 0.433333333333
627 0.466666666667
628 0.5
629 0.5
630 0.5
631 0.5
632 0.466666666667
633 0.5
634 0.466666666667
635 0.466666666667
636 0.466666666667
637 0.433333333333
638 0.4
639 0.366666666667
640 0.366666666667
641 0.333333333333
642 0.333333333333
643 0.3
644 0.3
645 0.3
646 0.333333333333
647 0.333333333333
648 0.333333333333
649 0.333333333333
650 0.3
651 0.333333333333
652 0.366666666667
653 0.366666666667
654 0.366666666667
655 0.333333333333
656 0.3
657 0.266666666667
658 0.233333333333
659 0.266666666667
660 0.266666666667
661 0.266666666667
662 0.3
663 0.266666666667
664 0.3
665 0.3
666 0.3
667 0.333333333333
668 0.333333333333
669 0.333333333333
670 0.3
671 0.333333333333
672 0.333333333333
673 0.333333333333
674 0.333333333333
675 0.333333333333
676 0.3
677 0.3
678 0.333333333333
679 0.333333333333
680 0.333333333333
681 0.3
682 0.3
683 0.266666666667
684 0.3
685 0.3
686 0.3
687 0.3
688 0.333333333333
689 0.3
690 0.3
691 0.333333333333
692 0.3
693 0.3
694 0.266666666667
695 0.3
696 0.333333333333
697 0.333333333333
698 0.366666666667
699 0.366666666667
700 0.4
701 0.366666666667
702 0.4
703 0.433333333333
704 0.433333333333
705 0.433333333333
706 0.466666666667
707 0.433333333333
708 0.4
709 0.4
710 0.4
711 0.433333333333
712 0.433333333333
713 0.433333333333
714 0.4
715 0.433333333333
716 0.466666666667
717 0.5
718 0.466666666667
719 0.5
720 0.533333333333
721 0.5
722 0.533333333333
723 0.566666666667
724 0.6
725 0.6
726 0.566666666667
727 0.533333333333
728 0.5
729 0.533333333333
730 0.5
731 0.5
732 0.466666666667
733 0.433333333333
734 0.433333333333
735 0.433333333333
736 0.433333333333
737 0.433333333333
738 0.433333333333
739 0.433333333333
740 0.433333333333
741 0.4
742 0.366666666667
743 0.366666666667
744 0.4
745 0.4
746 0.366666666667
747 0.333333333333
748 0.333333333333
749 0.333333333333
750 0.3
751 0.3
752 0.266666666667
753 0.233333333333
754 0.2
755 0.166666666667
756 0.2
757 0.233333333333
758 0.233333333333
759 0.2
760 0.233333333333
761 0.233333333333
762 0.233333333333
763 0.233333333333
764 0.266666666667
765 0.3
766 0.3
767 0.3
768 0.3
769 0.333333333333
770 0.366666666667
771 0.366666666667
772 0.366666666667
773 0.366666666667
774 0.333333333333
775 0.3
776 0.3
777 0.3
778 0.333333333333
779 0.333333333333
780 0.333333333333
781 0.366666666667
782 0.366666666667
783 0.366666666667
784 0.366666666667
785 0.366666666667
786 0.333333333333
787 0.333333333333
788 0.366666666667
789 0.4
790 0.366666666667
791 0.366666666667
792 0.366666666667
793 0.366666666667
794 0.366666666667
795 0.366666666667
796 0.366666666667
797 0.4
798 0.4
799 0.4
800 0.4
801 0.4
802 0.4
803 0.4
804 0.433333333333
805 0.433333333333
806 0.433333333333
807 0.466666666667
808 0.433333333333
809 0.4
810 0.4
811 0.4
812 0.4
813 0.4
814 0.4
815 0.433333333333
816 0.466666666667
817 0.433333333333
818 0.4
819 0.4
820 0.433333333333
821 0.433333333333
822 0.466666666667
823 0.466666666667
824 0.466666666667
825 0.466666666667
826 0.433333333333
827 0.433333333333
828 0.433333333333
829 0.4
830 0.4
831 0.433333333333
832 0.433333333333
833 0.466666666667
834 0.466666666667
835 0.5
836 0.5
837 0.5
838 0.5
839 0.533333333333
840 0.533333333333
841 0.5
842 0.5
843 0.5
844 0.5
845 0.466666666667
846 0.433333333333
847 0.433333333333
848 0.466666666667
849 0.466666666667
850 0.433333333333
851 0.466666666667
852 0.466666666667
853 0.466666666667
854 0.433333333333
855 0.4
856 0.433333333333
857 0.4
858 0.4
859 0.4
860 0.4
861 0.4
862 0.4
863 0.4
864 0.4
865 0.4
866 0.433333333333
867 0.433333333333
868 0.433333333333
869 0.433333333333
870 0.433333333333
871 0.466666666667
872 0.5
873 0.5
874 0.5
875 0.5
876 0.5
877 0.533333333333
878 0.533333333333
879 0.533333333333
880 0.566666666667
881 0.533333333333
882 0.533333333333
883 0.566666666667
884 0.6
885 0.633333333333
886 0.6
887 0.633333333333
888 0.633333333333
889 0.666666666667
890 0.633333333333
891 0.6
892 0.633333333333
893 0.6
894 0.6
895 0.6
896 0.566666666667
897 0.533333333333
898 0.533333333333
899 0.5
900 0.5
901 0.5
902 0.5
903 0.5
904 0.5
905 0.533333333333
906 0.566666666667
907 0.533333333333
908 0.5
909 0.5
910 0.466666666667
911 0.5
912 0.5
913 0.466666666667
914 0.466666666667
915 0.433333333333
916 0.466666666667
917 0.433333333333
918 0.466666666667
919 0.466666666667
920 0.466666666667
921 0.466666666667
922 0.433333333333
923 0.433333333333
924 0.433333333333
925 0.4
926 0.4
927 0.4
928 0.4
929 0.433333333333
930 0.466666666667
931 0.433333333333
932 0.4
933 0.4
934 0.433333333333
935 0.4
936 0.366666666667
937 0.4
938 0.4
939 0.366666666667
940 0.4
941 0.4
942 0.4
943 0.433333333333
944 0.433333333333
945 0.433333333333
946 0.4
947 0.4
948 0.366666666667
949 0.333333333333
950 0.366666666667
951 0.4
952 0.4
953 0.4
954 0.4
955 0.4
956 0.4
957 0.4
958 0.433333333333
959 0.433333333333
960 0.433333333333
961 0.466666666667
962 0.5
963 0.5
964 0.5
965 0.533333333333
966 0.566666666667
967 0.566666666667
968 0.6
969 0.6
970 0.566666666667
971 0.566666666667
972 0.533333333333
973 0.533333333333
974 0.5
975 0.533333333333
976 0.533333333333
977 0.533333333333
978 0.566666666667
979 0.566666666667
980 0.566666666667
981 0.533333333333
982 0.566666666667
983 0.566666666667
984 0.566666666667
985 0.566666666667
986 0.566666666667
987 0.6
988 0.6
989 0.566666666667
990 0.566666666667
991 0.566666666667
992 0.566666666667
993 0.566666666667
994 0.533333333333
995 0.533333333333
996 0.533333333333
997 0.533333333333
998 0.5
999 0.5
1000 0.5
