30 0.466666666667
31 0.433333333333
32 0.466666666667
33 0.5
34 0.533333333333
35 0.533333333333
36 0.566666666667
37 0.566666666667
38 0.566666666667
39 0.6
40 0.566666666667
41 0.6
42 0.6
43 0.6
44 0.566666666667
45 0.566666666667
46 0.533333333333
47 0.533333333333
48 0.533333333333
49 0.5
50 0.5
51 0.533333333333
52 0.5
53 0.5
54 0.5
55 0.5
56 0.5
57 0.466666666667
58 0.466666666667
59 0.466666666667
60 0.466666666667
61 0.466666666667
62 0.466666666667
63 0.433333333333
64 0.433333333333
65 0.433333333333
66 0.4
67 0.433333333333
68 0.433333333333
69 0.433333333333
70 0.466666666667
71 0.433333333333
72 0.4
73 0.4
74 0.4
75 0.4
76 0.4
77 0.433333333333
78 0.433333333333
79 0.433333333333
80 0.4
81 0.4
82 0.4
83 0.4
84 0.366666666667
85 0.366666666667
86 0.333333333333
87 0.366666666667
88 0.333333333333
89 0.333333333333
90 0.366666666667
91 0.366666666667
92 0.333333333333
93 0.333333333333
94 0.3
95 0.3
96 0.333333333333
97 0.333333333333
98 0.333333333333
99 0.3
100 0.3
101 0.3
102 0.3
103 0.3
104 0.3
105 0.3
106 0.3
107 0.3
108 0.3
109 0.333333333333
110 0.333333333333
111 0.3
112 0.3
113 0.333333333333
114 0.366666666667
115 0.366666666667
116 0.366666666667
117 0.333333333333
118 0.333333333333
119 0.333333333333
120 0.3
121 0.3
122 0.333333333333
123 0.366666666667
124 0.366666666667
125 0.366666666667
126 0.366666666667
127 0.366666666667
128 0.4
129 0.433333333333
130 0.4
131 0.4
132 0.4
133 0.433333333333
134 0.433333333333
135 0.4
136 0.4
137 0.4
138 0.433333333333
139 0.4
140 0.4
141 0.4
142 0.4
143 0.366666666667
144 0.333333333333
145 0.333333333333
146 0.333333333333
147 0.366666666667
148 0.4
149 0.366666666667
150 0.366666666667
151 0.366666666667
152 0.333333333333
153 0.3
154 0.333333333333
155 0.333333333333
156 0.3
157 0.266666666667
158 0.266666666667
159 0.233333333333
160 0.266666666667
161 0.3
162 0.333333333333
163 0.3
164 0.3
165 0.333333333333
166 0.333333333333
167 0.333333333333
168 0.3
169 0.3
170 0.3
171 0.333333333333
172 0.333333333333
173 0.366666666667
174 0.4
175 0.433333333333
176 0.433333333333
177 0.433333333333
178 0.4
179 0.4
180 0.4
181 0.433333333333
182 0.466666666667
183 0.466666666667
184 0.433333333333
185 0.433333333333
186 0.433333333333
187 0.466666666667
188 0.466666666667
189 0.5
190 0.466666666667
191 0.433333333333
192 0.433333333333
193 0.466666666667
194 0.5
195 0.466666666667
196 0.466666666667
197 0.433333333333
198 0.433333333333
199 0.466666666667
200 0.466666666667
201 0.433333333333
202 0.433333333333
203 0.4
204 0.366666666667
205 0.333333333333
206 0.366666666667
207 0.366666666667
208 0.366666666667
209 0.366666666667
210 0.4
211 0.4
212 0.4
213 0.4
214 0.433333333333
215 0.433333333333
216 0.466666666667
217 0.466666666667
218 0.466666666667
219 0.466666666667
220 0.466666666667
221 0.466666666667
222 0.433333333333
223 0.433333333333
224 0.433333333333
225 0.466666666667
226 0.466666666667
227 0.5
228 0.5
229 0.5
230 0.5
231 0.5
232 0.5
233 0.533333333333
234 0.566666666667
235 0.6
236 0.6
237 0.566666666667
238 0.6
239 0.6
240 0.566666666667
241 0.533333333333
242 0.533333333333
243 0.533333333333
244 0.533333333333
245 0.533333333333
246 0.5
247 0.5
248 0.466666666667
249 0.466666666667
250 0.466666666667
251 0.466666666667
252 0.466666666667
253 0.433333333333
254 0.4
255 0.4
256 0.433333333333
257 0.433333333333
258 0.466666666667
259 0.433333333333
260 0.433333333333
261 0.433333333333
262 0.466666666667
263 0.433333333333
264 0.433333333333
265 0.4
266 0.366666666667
267 0.366666666667
268 0.333333333333
269 0.366666666667
270 0.4
271 0.4
272 0.366666666667
273 0.4
274 0.366666666667
275 0.4
276 0.4
277 0.366666666667
278 0.366666666667
279 0.366666666667
280 0.4
281 0.4
282 0.4
283 0.433333333333
284 0.433333333333
285 0.4
286 0.4
287 0.366666666667
288 0.366666666667
289 0.366666666667
290 0.4
291 0.433333333333
292 0.433333333333
293 0.433333333333
294 0.4
295 0.4
296 0.4
297 0.4
298 0.433333333333
299 0.4
300 0.4
301 0.4
302 0.433333333333
303 0.4
304 0.433333333333
305 0.4
306 0.4
307 0.4
308 0.433333333333
309 0.433333333333
310 0.433333333333
311 0.433333333333
312 0.466666666667
313 0.433333333333
314 0.433333333333
315 0.433333333333
316 0.4
317 0.433333333333
318 0.4
319 0.433333333333
320 0.4
321 0.4
322 0.4
323 0.4
324 0.4
325 0.4
326 0.4
327 0.4
328 0.366666666667
329 0.4
330 0.4
331 0.4
332 0.366666666667
333 0.366666666667
334 0.366666666667
335 0.4
336 0.4
337 0.433333333333
338 0.433333333333
339 0.4
340 0.4
341 0.433333333333
342 0.4
343 0.4
344 0.433333333333
345 0.466666666667
346 0.5
347 0.466666666667
348 0.5
349 0.466666666667
350 0.5
351 0.5
352 0.5
353 0.533333333333
354 0.566666666667
355 0.566666666667
356 0.566666666667
357 0.6
358 0.633333333333
359 0.6
360 0.566666666667
361 0.6
362 0.6
363 0.6
364 0.6
365 0.566666666667
366 0.6
367 0.6
368 0.566666666667
369 0.566666666667
370 0.533333333333
371 0.533333333333
372 0.566666666667
373 0.566666666667
374 0.533333333333
375 0.5
376 0.466666666667
377 0.466666666667
378 0.466666666667
379 0.466666666667
380 0.433333333333
381 0.4
382 0.366666666667
383 0.366666666667
384 0.333333333333
385 0.366666666667
386 0.366666666667
387 0.333333333333
388 0.3
389 0.3
390 0.3
391 0.3
392 0.3
393 0.3
394 0.3
395 0.3
396 0.266666666667
397 0.266666666667
398 0.266666666667
399 0.3
400 0.3
401 0.266666666667
402 0.233333333333
403 0.266666666667
404 0.3
405 0.333333333333
406 0.333333333333
407 0.366666666667
408 0.366666666667
409 0.366666666667
410 0.4
411 0.4
412 0.4
413 0.366666666667
414 0.4
415 0.4
416 0.4
417 0.433333333333
418 0.466666666667
419 0.466666666667
420 0.466666666667
421 0.466666666667
422 0.466666666667
423 0.466666666667
424 0.433333333333
425 0.466666666667
426 0.5
427 0.466666666667
428 0.5
429 0.466666666667
430 0.5
431 0.5
432 0.5
433 0.5
434 0.466666666667
435 0.433333333333
436 0.433333333333
437 0.4
438 0.4
439 0.433333333333
440 0.4
441 0.4
442 0.433333333333
443 0.433333333333
444 0.4
445 0.366666666667
446 0.4
447 0.366666666667
448 0.366666666667
449 0.366666666667
450 0.366666666667
451 0.366666666667
452 0.366666666667
453 0.366666666667
454 0.366666666667
455 0.366666666667
456 0.333333333333
457 0.366666666667
458 0.333333333333
459 0.366666666667
460 0.366666666667
461 0.366666666667
462 0.4
463 0.4
464 0.433333333333
465 0.466666666667
466 0.5
467 0.533333333333
468 0.5
469 0.466666666667
470 0.5
471 0.5
472 0.466666666667
473 0.5
474 0.533333333333
475 0.566666666667
476 0.533333333333
477 0.566666666667
478 0.566666666667
479 0.6
480 0.6
481 0.6
482 0.6
483 0.6
484 0.633333333333
485 0.6
486 0.633333333333
487 0.633333333333
488 0.633333333333
489 0.6
490 0.566666666667
491 0.566666666667
492 0.566666666667
493 0.566666666667
494 0.566666666667
495 0.533333333333
496 0.5
497 0.5
498 0.533333333333
499 0.566666666667
500 0.566666666667
501 0.6
502 0.6
503 0.566666666667
504 0.566666666667
505 0.533333333333
506 0.566666666667
507 0.533333333333
508 0.533333333333
509 0.5
510 0.5
511 0.5
512 0.533333333333
513 0.566666666667
514 0.533333333333
515 0.566666666667
516 0.566666666667
517 0.533333333333
518 0.533333333333
519 0.533333333333
520 0.566666666667
521 0.566666666667
522 0.566666666667
523 0.533333333333
524 0.533333333333
525 0.533333333333
526 0.566666666667
527 0.566666666667
528 0.533333333333
529 0.5
530 0.466666666667
531 0.433333333333
532 0.433333333333
533 0.433333333333
534 0.4
535 0.4
536 0.366666666667
537 0.4
538 0.366666666667
539 0.366666666667
540 0.366666666667
541 0.333333333333
542 0.333333333333
543 0.333333333333
544 0.333333333333
545 0.333333333333
546 0.333333333333
547 0.366666666667
548 0.4
549 0.4
550 0.366666666667
551 0.4
552 0.366666666667
553 0.4
554 0.4
555 0.433333333333
556 0.4
557 0.4
558 0.4
559 0.4
560 0.433333333333
561 0.433333333333
562 0.433333333333
563 0.466666666667
564 0.466666666667
565 0.466666666667
566 0.5
567 0.5
568 0.5
569 0.533333333333
570 0.533333333333
571 0.566666666667
572 0.533333333333
573 0.5
574 0.5
575 0.466666666667
576 0.466666666667
577 0.466666666667
578 0.433333333333
579 0.466666666667
580 0.466666666667
581 0.433333333333
582 0.433333333333
583 0.433333333333
584 0.4
585 0.366666666667
586 0.4
587 0.366666666667
588 0.4
589 0.4
590 0.4
591 0.4
592 0.4
593 0.4
594 0.433333333333
595 0.466666666667
596 0.466666666667
597 0.433333333333
598 0.433333333333
599 0.433333333333
600 0.466666666667
601 0.466666666667
602 0.5
603 0.533333333333
604 0.566666666667
605 0.6
606 0.6
607 0.6
608 0.633333333333
609 0.633333333333
610 0.666666666667
611 0.666666666667
612 0.7
613 0.666666666667
614 0.7
615 0.733333333333
616 0.733333333333
617 0.766666666667
618 0.733333333333
619 0.733333333333
620 0.7
621 0.7
622 0.733333333333
623 0.7
624 0.666666666667
625 0.633333333333
626 0.633333333333
627 0.633333333333
628 0.666666666667
629 0.633333333333
630 0.633333333333
631 0.6
632 0.6
633 0.6
634 0.6
635 0.566666666667
636 0.533333333333
637 0.533333333333
638 0.5
639 0.466666666667
640 0.433333333333
641 0.466666666667
642 0.433333333333
643 0.466666666667
644 0.433333333333
645 0.4
646 0.366666666667
647 0.333333333333
648 0.366666666667
649 0.366666666667
650 0.366666666667
651 0.366666666667
652 0.366666666667
653 0.4
654 0.433333333333
655 0.466666666667
656 0.433333333333
657 0.466666666667
658 0.433333333333
659 0.433333333333
660 0.4
661 0.4
662 0.366666666667
663 0.366666666667
664 0.333333333333
665 0.366666666667
666 0.366666666667
667 0.333333333333
668 0.333333333333
669 0.366666666667
670 0.4
671 0.4
672 0.433333333333
673 0.433333333333
674 0.433333333333
675 0.433333333333
676 0.466666666667
677 0.5
678 0.466666666667
679 0.466666666667
680 0.466666666667
681 0.466666666667
682 0.433333333333
683 0.433333333333
684 0.433333333333
685 0.4
686 0.433333333333
687 0.4
688 0.4
689 0.4
690 0.4
691 0.433333333333
692 0.466666666667
693 0.433333333333
694 0.433333333333
695 0.433333333333
696 0.433333333333
697 0.433333333333
698 0.466666666667
699 0.433333333333
700 0.4
701 0.366666666667
702 0.366666666667
703 0.333333333333
704 0.333333333333
705 0.333333333333
706 0.333333333333
707 0.3
708 0.3
709 0.3
710 0.333333333333
711 0.333333333333
712 0.333333333333
713 0.333333333333
714 0.333333333333
715 0.333333333333
716 0.333333333333
717 0.333333333333
718 0.366666666667
719 0.4
720 0.433333333333
721 0.4
722 0.4
723 0.4
724 0.433333333333
725 0.433333333333
726 0.433333333333
727 0.466666666667
728 0.433333333333
729 0.433333333333
730 0.433333333333
731 0.433333333333
732 0.433333333333
733 0.466666666667
734 0.5
735 0.5
736 0.5
737 0.5
738 0.533333333333
739 0.566666666667
740 0.566666666667
741 0.566666666667
742 0.6
743 0.6
744 0.566666666667
745 0.566666666667
746 0.533333333333
747 0.566666666667
748 0.566666666667
749 0.533333333333
750 0.5
751 0.5
752 0.466666666667
753 0.5
754 0.5
755 0.5
756 0.533333333333
757 0.5
758 0.5
759 0.5
760 0.533333333333
761 0.533333333333
762 0.5
763 0.5
764 0.5
765 0.533333333333
766 0.5
767 0.5
768 0.5
769 0.466666666667
770 0.433333333333
771 0.433333333333
772 0.433333333333
773 0.433333333333
774 0.433333333333
775 0.466666666667
776 0.466666666667
777 0.433333333333
778 0.4
779 0.433333333333
780 0.433333333333
781 0.433333333333
782 0.433333333333
783 0.433333333333
784 0.433333333333
785 0.433333333333
786 0.4
787 0.4
788 0.433333333333
789 0.466666666667
790 0.466666666667
791 0.466666666667
792 0.5
793 0.466666666667
794 0.466666666667
795 0.433333333333
796 0.433333333333
797 0.433333333333
798 0.433333333333
799 0.433333333333
800 0.433333333333
801 0.433333333333
802 0.4
803 0.366666666667
804 0.4
805 0.4
806 0.433333333333
807 0.466666666667
808 0.5
809 0.5
810 0.533333333333
811 0.533333333333
812 0.566666666667
813 0.533333333333
814 0.5
815 0.5
816 0.5
817 0.533333333333
818 0.5
819 0.466666666667
820 0.433333333333
821 0.433333333333
822 0.4
823 0.4
824 0.366666666667
825 0.4
826 0.4
827 0.4
828 0.4
829 0.433333333333
830 0.433333333333
831 0.433333333333
832 0.466666666667
833 0.466666666667
834 0.433333333333
835 0.433333333333
836 0.4
837 0.366666666667
838 0.333333333333
839 0.3
840 0.266666666667
841 0.3
842 0.3
843 0.333333333333
844 0.333333333333
845 0.3
846 0.333333333333
847 0.3
848 0.3
849 0.333333333333
850 0.366666666667
851 0.366666666667
852 0.4
853 0.433333333333
854 0.433333333333
855 0.433333333333
856 0.466666666667
857 0.466666666667
858 0.433333333333
859 0.4
860 0.4
861 0.4
862 0.366666666667
863 0.366666666667
864 0.366666666667
865 0.333333333333
866 0.333333333333
867 0.333333333333
868 0.333333333333
869 0.366666666667
870 0.4
871 0.366666666667
872 0.366666666667
873 0.366666666667
874 0.366666666667
875 0.4
876 0.366666666667
877 0.366666666667
878 0.4
879 0.4
880 0.366666666667
881 0.366666666667
882 0.366666666667
883 0.366666666667
884 0.4
885 0.4
886 0.366666666667
887 0.4
888 0.4
889 0.433333333333
890 0.433333333333
891 0.466666666667
892 0.466666666667
893 0.466666666667
894 0.5
895 0.533333333333
896 0.566666666667
897 0.6
898 0.6
899 0.566666666667
900 0.566666666667
901 0.6
902 0.566666666667
903 0.533333333333
904 0.566666666667
905 0.533333333333
906 0.566666666667
907 0.566666666667
908 0.533333333333
909 0.5
910 0.5
911 0.5
912 0.5
913 0.5
914 0.5
915 0.5
916 0.5
917 0.5
918 0.533333333333
919 0.533333333333
920 0.566666666667
921 0.533333333333
922 0.566666666667
923 0.566666666667
924 0.533333333333
925 0.5
926 0.5
927 0.5
928 0.533333333333
929 0.566666666667
930 0.566666666667
931 0.533333333333
932 0.566666666667
933 0.6
934 0.566666666667
935 0.566666666667
936 0.566666666667
937 0.566666666667
938 0.6
939 0.6
940 0.6
941 0.633333333333
942 0.6
943 0.566666666667
944 0.533333333333
945 0.533333333333
946 0.566666666667
947 0.566666666667
948 0.566666666667
949 0.566666666667
950 0.566666666667
951 0.566666666667
952 0.566666666667
953 0.6
954 0.633333333333
955 0.666666666667
956 0.666666666667
957 0.666666666667
958 0.633333333333
959 0.633333333333
960 0.633333333333
961 0.633333333333
962 0.6
963 0.566666666667
964 0.566666666667
965 0.566666666667
966 0.533333333333
967 0.533333333333
968 0.533333333333
969 0.533333333333
970 0.566666666667
971 0.533333333333
972 0.566666666667
973 0.6
974 0.6
975 0.566666666667
976 0.533333333333
977 0.533333333333
978 0.5
979 0.466666666667
980 0.433333333333
981 0.466666666667
982 0.466666666667
983 0.433333333333
984 0.4
985 0.4
986 0.366666666667
987 0.333333333333
988 0.333333333333
989 0.333333333333
990 0.3
991 0.333333333333
992 0.366666666667
993 0.366666666667
994 0.4
995 0.4
996 0.4
997 0.4
998 0.4
999 0.433333333333
1000 0.4
