30 0.366666666667
31 0.4
32 0.4
33 0.366666666667
34 0.4
35 0.4
36 0.433333333333
37 0.466666666667
38 0.466666666667
39 0.5
40 0.5
41 0.466666666667
42 0.5
43 0.533333333333
44 0.5
45 0.5
46 0.466666666667
47 0.5
48 0.466666666667
49 0.5
50 0.5
51 0.466666666667
52 0.433333333333
53 0.4
54 0.433333333333
55 0.466666666667
56 0.5
57 0.533333333333
58 0.533333333333
59 0.566666666667
60 0.6
61 0.566666666667
62 0.566666666667
63 0.6
64 0.566666666667
65 0.6
66 0.6
67 0.6
68 0.6
69 0.566666666667
70 0.566666666667
71 0.6
72 0.6
73 0.566666666667
74 0.566666666667
75 0.566666666667
76 0.566666666667
77 0.533333333333
78 0.566666666667
79 0.533333333333
80 0.5
81 0.5
82 0.5
83 0.5
84 0.466666666667
85 0.466666666667
86 0.433333333333
87 0.4
88 0.4
89 0.366666666667
90 0.333333333333
91 0.366666666667
92 0.333333333333
93 0.3
94 0.333333333333
95 0.3
96 0.266666666667
97 0.233333333333
98 0.266666666667
99 0.266666666667
100 0.266666666667
101 0.233333333333
102 0.2
103 0.2
104 0.2
105 0.166666666667
106 0.166666666667
107 0.166666666667
108 0.133333333333
109 0.166666666667
110 0.166666666667
111 0.166666666667
112 0.166666666667
113 0.2
114 0.2
115 0.166666666667
116 0.2
117 0.2
118 0.2
119 0.2
120 0.2
121 0.166666666667
122 0.166666666667
123 0.166666666667
124 0.133333333333
125 0.166666666667
126 0.166666666667
127 0.166666666667
128 0.133333333333
129 0.133333333333
130 0.133333333333
131 0.133333333333
132 0.133333333333
133 0.133333333333
134 0.166666666667
135 0.2
136 0.2
137 0.2
138 0.2
139 0.166666666667
140 0.166666666667
141 0.166666666667
142 0.2
143 0.2
144 0.2
145 0.2
146 0.166666666667
147 0.166666666667
148 0.166666666667
149 0.2
150 0.2
151 0.2
152 0.2
153 0.233333333333
154 0.233333333333
155 0.2
156 0.2
157 0.233333333333
158 0.233333333333
159 0.266666666667
160 0.266666666667
161 0.266666666667
162 0.266666666667
163 0.266666666667
164 0.233333333333
165 0.2
166 0.2
167 0.2
168 0.2
169 0.2
170 0.2
171 0.233333333333
172 0.2
173 0.166666666667
174 0.166666666667
175 0.166666666667
176 0.166666666667
177 0.166666666667
178 0.166666666667
179 0.133333333333
180 0.166666666667
181 0.2
182 0.2
183 0.166666666667
184 0.166666666667
185 0.166666666667
186 0.166666666667
187 0.133333333333
188 0.166666666667
189 0.133333333333
190 0.133333333333
191 0.166666666667
192 0.166666666667
193 0.166666666667
194 0.2
195 0.2
196 0.2
197 0.233333333333
198 0.266666666667
199 0.266666666667
200 0.266666666667
201 0.233333333333
202 0.233333333333
203 0.266666666667
204 0.266666666667
205 0.266666666667
206 0.266666666667
207 0.266666666667
208 0.3
209 0.3
210 0.3
211 0.266666666667
212 0.266666666667
213 0.3
214 0.333333333333
215 0.333333333333
216 0.333333333333
217 0.366666666667
218 0.333333333333
219 0.366666666667
220 0.366666666667
221 0.366666666667
222 0.366666666667
223 0.366666666667
224 0.366666666667
225 0.4
226 0.4
227 0.4
228 0.4
229 0.433333333333
230 0.466666666667
231 0.5
232 0.5
233 0.466666666667
234 0.5
235 0.533333333333
236 0.533333333333
237 0.533333333333
238 0.5
239 0.533333333333
240 0.5
241 0.533333333333
242 0.533333333333
243 0.5
244 0.5
245 0.5
246 0.5
247 0.466666666667
248 0.466666666667
249 0.433333333333
250 0.466666666667
251 0.433333333333
252 0.433333333333
253 0.466666666667
254 0.433333333333
255 0.433333333333
256 0.433333333333
257 0.4
258 0.366666666667
259 0.333333333333
260 0.333333333333
261 0.3
262 0.3
263 0.3
264 0.266666666667
265 0.233333333333
266 0.266666666667
267 0.266666666667
268 0.266666666667
269 0.266666666667
270 0.266666666667
271 0.266666666667
272 0.266666666667
273 0.266666666667
274 0.266666666667
275 0.266666666667
276 0.3
277 0.3
278 0.333333333333
279 0.333333333333
280 0.3
281 0.333333333333
282 0.333333333333
283 0.333333333333
284 0.333333333333
285 0.3
286 0.333333333333
287 0.333333333333
288 0.333333333333
289 0.333333333333
290 0.3
291 0.333333333333
292 0.333333333333
293 0.333333333333
294 0.333333333333
295 0.333333333333
296 0.3
297 0.333333333333
298 0.333333333333
299 0.333333333333
300 0.366666666667
301 0.333333333333
302 0.333333333333
303 0.366666666667
304 0.333333333333
305 0.333333333333
306 0.3
307 0.3
308 0.266666666667
309 0.266666666667
310 0.3
311 0.3
312 0.3
313 0.266666666667
314 0.3
315 0.333333333333
316 0.3
317 0.3
318 0.3
319 0.3
320 0.3
321 0.266666666667
322 0.266666666667
323 0.3
324 0.3
325 0.3
326 0.333333333333
327 0.3
328 0.3
329 0.266666666667
330 0.233333333333
331 0.233333333333
332 0.266666666667
333 0.233333333333
334 0.233333333333
335 0.233333333333
336 0.266666666667
337 0.266666666667
338 0.3
339 0.3
340 0.3
341 0.266666666667
342 0.266666666667
343 0.266666666667
344 0.233333333333
345 0.233333333333
346 0.266666666667
347 0.3
348 0.3
349 0.333333333333
350 0.366666666667
351 0.366666666667
352 0.366666666667
353 0.366666666667
354 0.4
355 0.4
356 0.4
357 0.4
358 0.4
359 0.433333333333
360 0.433333333333
361 0.466666666667
362 0.466666666667
363 0.466666666667
364 0.5
365 0.5
366 0.466666666667
367 0.5
368 0.5
369 0.5
370 0.5
371 0.533333333333
372 0.533333333333
373 0.533333333333
374 0.533333333333
375 0.5
376 0.466666666667
377 0.466666666667
378 0.5
379 0.466666666667
380 0.466666666667
381 0.5
382 0.5
383 0.466666666667
384 0.466666666667
385 0.466666666667
386 0.466666666667
387 0.5
388 0.533333333333
389 0.5
390 0.533333333333
391 0.5
392 0.466666666667
393 0.5
394 0.466666666667
395 0.5
396 0.533333333333
397 0.5
398 0.466666666667
399 0.5
400 0.466666666667
401 0.433333333333
402 0.433333333333
403 0.433333333333
404 0.433333333333
405 0.466666666667
406 0.5
407 0.466666666667
408 0.433333333333
409 0.433333333333
410 0.433333333333
411 0.433333333333
412 0.466666666667
413 0.5
414 0.466666666667
415 0.5
416 0.466666666667
417 0.433333333333
418 0.433333333333
419 0.433333333333
420 0.433333333333
421 0.466666666667
422 0.466666666667
423 0.433333333333
424 0.466666666667
425 0.466666666667
426 0.433333333333
427 0.433333333333
428 0.466666666667
429 0.433333333333
430 0.433333333333
431 0.433333333333
432 0.433333333333
433 0.466666666667
434 0.5
435 0.5
436 0.5
437 0.533333333333
438 0.533333333333
439 0.566666666667
440 0.533333333333
441 0.5
442 0.466666666667
443 0.433333333333
444 0.433333333333
445 0.433333333333
446 0.433333333333
447 0.433333333333
448 0.4
449 0.4
450 0.4
451 0.366666666667
452 0.366666666667
453 0.366666666667
454 0.366666666667
455 0.333333333333
456 0.333333333333
457 0.333333333333
458 0.3
459 0.3
460 0.3
461 0.333333333333
462 0.333333333333
463 0.3
464 0.3
465 0.266666666667
466 0.266666666667
467 0.233333333333
468 0.233333333333
469 0.2
470 0.2
471 0.2
472 0.233333333333
473 0.266666666667
474 0.266666666667
475 0.233333333333
476 0.266666666667
477 0.3
478 0.3
479 0.333333333333
480 0.333333333333
481 0.366666666667
482 0.366666666667
483 0.366666666667
484 0.366666666667
485 0.366666666667
486 0.366666666667
487 0.366666666667
488 0.366666666667
489 0.366666666667
490 0.366666666667
491 0.333333333333
492 0.366666666667
493 0.366666666667
494 0.366666666667
495 0.366666666667
496 0.333333333333
497 0.366666666667
498 0.4
499 0.4
500 0.433333333333
501 0.433333333333
502 0.4
503 0.366666666667
504 0.366666666667
505 0.366666666667
506 0.333333333333
507 0.3
508 0.3
509 0.266666666667
510 0.233333333333
511 0.233333333333
512 0.266666666667
513 0.266666666667
514 0.266666666667
515 0.266666666667
516 0.266666666667
517 0.266666666667
518 0.3
519 0.3
520 0.3
521 0.3
522 0.266666666667
523 0.266666666667
524 0.233333333333
525 0.233333333333
526 0.233333333333
527 0.233333333333
528 0.2
529 0.233333333333
530 0.2
531 0.2
532 0.233333333333
533 0.233333333333
534 0.266666666667
535 0.266666666667
536 0.3
537 0.3
538 0.3
539 0.333333333333
540 0.333333333333
541 0.3
542 0.3
543 0.3
544 0.3
545 0.333333333333
546 0.333333333333
547 0.333333333333
548 0.3
549 0.333333333333
550 0.333333333333
551 0.366666666667
552 0.366666666667
553 0.366666666667
554 0.366666666667
555 0.4
556 0.433333333333
557 0.4
558 0.433333333333
559 0.433333333333
560 0.433333333333
561 0.433333333333
562 0.4
563 0.4
564 0.366666666667
565 0.4
566 0.366666666667
567 0.366666666667
568 0.366666666667
569 0.333333333333
570 0.333333333333
571 0.366666666667
572 0.366666666667
573 0.366666666667
574 0.366666666667
575 0.333333333333
576 0.333333333333
577 0.333333333333
578 0.333333333333
579 0.3
580 0.3
581 0.266666666667
582 0.266666666667
583 0.266666666667
584 0.3
585 0.3
586 0.3
587 0.3
588 0.3
589 0.3
590 0.3
591 0.333333333333
592 0.366666666667
593 0.366666666667
594 0.366666666667
595 0.333333333333
596 0.333333333333
597 0.366666666667
598 0.366666666667
599 0.366666666667
600 0.366666666667
601 0.333333333333
602 0.3
603 0.3
604 0.266666666667
605 0.3
606 0.333333333333
607 0.333333333333
608 0.366666666667
609 0.4
610 0.4
611 0.4
612 0.4
613 0.433333333333
614 0.4
615 0.4
616 0.366666666667
617 0.366666666667
618 0.333333333333
619 0.3
620 0.3
621 0.3
622 0.266666666667
623 0.266666666667
624 0.266666666667
625 0.266666666667
626 0.3
627 0.266666666667
628 0.266666666667
629 0.266666666667
630 0.3
631 0.3
632 0.333333333333
633 0.366666666667
634 0.366666666667
635 0.333333333333
636 0.3
637 0.3
638 0.266666666667
639 0.233333333333
640 0.233333333333
641 0.233333333333
642 0.266666666667
643 0.233333333333
644 0.233333333333
645 0.233333333333
646 0.233333333333
647 0.233333333333
648 0.266666666667
649 0.266666666667
650 0.266666666667
651 0.233333333333
652 0.266666666667
653 0.3
654 0.3
655 0.3
656 0.3
657 0.333333333333
658 0.333333333333
659 0.366666666667
660 0.366666666667
661 0.4
662 0.366666666667
663 0.333333333333
664 0.366666666667
665 0.366666666667
666 0.4
667 0.4
668 0.4
669 0.4
670 0.4
671 0.4
672 0.366666666667
673 0.366666666667
674 0.366666666667
675 0.333333333333
676 0.333333333333
677 0.333333333333
678 0.3
679 0.3
680 0.3
681 0.3
682 0.266666666667
683 0.266666666667
684 0.266666666667
685 0.3
686 0.3
687 0.3
688 0.333333333333
689 0.3
690 0.266666666667
691 0.266666666667
692 0.266666666667
693 0.266666666667
694 0.233333333333
695 0.233333333333
696 0.2
697 0.2
698 0.2
699 0.233333333333
700 0.266666666667
701 0.266666666667
702 0.266666666667
703 0.3
704 0.3
705 0.333333333333
706 0.333333333333
707 0.333333333333
708 0.333333333333
709 0.366666666667
710 0.366666666667
711 0.366666666667
712 0.366666666667
713 0.333333333333
714 0.366666666667
715 0.333333333333
716 0.333333333333
717 0.3
718 0.266666666667
719 0.266666666667
720 0.3
721 0.3
722 0.3
723 0.3
724 0.3
725 0.3
726 0.3
727 0.333333333333
728 0.366666666667
729 0.333333333333
730 0.333333333333
731 0.333333333333
732 0.333333333333
733 0.3
734 0.333333333333
735 0.333333333333
736 0.333333333333
737 0.333333333333
738 0.333333333333
739 0.3
740 0.3
741 0.3
742 0.3
743 0.3
744 0.266666666667
745 0.3
746 0.266666666667
747 0.266666666667
748 0.266666666667
749 0.3
750 0.3
751 0.266666666667
752 0.266666666667
753 0.3
754 0.3
755 0.3
756 0.3
757 0.3
758 0.266666666667
759 0.3
760 0.266666666667
761 0.266666666667
762 0.266666666667
763 0.266666666667
764 0.266666666667
765 0.233333333333
766 0.266666666667
767 0.266666666667
768 0.266666666667
769 0.3
770 0.3
771 0.3
772 0.3
773 0.333333333333
774 0.333333333333
775 0.3
776 0.3
777 0.333333333333
778 0.333333333333
779 0.333333333333
780 0.3
781 0.3
782 0.333333333333
783 0.3
784 0.333333333333
785 0.333333333333
786 0.333333333333
787 0.333333333333
788 0.333333333333
789 0.3
790 0.3
791 0.333333333333
792 0.366666666667
793 0.366666666667
794 0.333333333333
795 0.333333333333
796 0.333333333333
797 0.366666666667
798 0.4
799 0.366666666667
800 0.4
801 0.4
802 0.433333333333
803 0.4
804 0.4
805 0.4
806 0.433333333333
807 0.4
808 0.4
809 0.366666666667
810 0.366666666667
811 0.4
812 0.366666666667
813 0.366666666667
814 0.366666666667
815 0.366666666667
816 0.366666666667
817 0.333333333333
818 0.366666666667
819 0.366666666667
820 0.366666666667
821 0.366666666667
822 0.333333333333
823 0.366666666667
824 0.366666666667
825 0.4
826 0.4
827 0.4
828 0.366666666667
829 0.366666666667
830 0.366666666667
831 0.366666666667
832 0.333333333333
833 0.366666666667
834 0.4
835 0.4
836 0.366666666667
837 0.4
838 0.4
839 0.433333333333
840 0.433333333333
841 0.4
842 0.4
843 0.433333333333
844 0.433333333333
845 0.466666666667
846 0.466666666667
847 0.466666666667
848 0.433333333333
849 0.466666666667
850 0.466666666667
851 0.433333333333
852 0.433333333333
853 0.433333333333
854 0.433333333333
855 0.433333333333
856 0.4
857 0.4
858 0.4
859 0.433333333333
860 0.433333333333
861 0.466666666667
862 0.466666666667
863 0.433333333333
864 0.433333333333
865 0.433333333333
866 0.433333333333
867 0.433333333333
868 0.433333333333
869 0.4
870 0.4
871 0.4
872 0.4
873 0.4
874 0.366666666667
875 0.333333333333
876 0.333333333333
877 0.366666666667
878 0.366666666667
879 0.333333333333
880 0.366666666667
881 0.4
882 0.4
883 0.4
884 0.4
885 0.366666666667
886 0.366666666667
887 0.333333333333
888 0.333333333333
889 0.3
890 0.266666666667
891 0.233333333333
892 0.233333333333
893 0.233333333333
894 0.2
895 0.2
896 0.2
897 0.166666666667
898 0.2
899 0.233333333333
900 0.233333333333
901 0.233333333333
902 0.266666666667
903 0.266666666667
904 0.266666666667
905 0.266666666667
906 0.3
907 0.266666666667
908 0.266666666667
909 0.3
910 0.266666666667
911 0.233333333333
912 0.233333333333
913 0.2
914 0.233333333333
915 0.233333333333
916 0.233333333333
917 0.233333333333
918 0.266666666667
919 0.266666666667
920 0.266666666667
921 0.3
922 0.3
923 0.3
924 0.3
925 0.3
926 0.3
927 0.3
928 0.266666666667
929 0.233333333333
930 0.233333333333
931 0.266666666667
932 0.266666666667
933 0.233333333333
934 0.233333333333
935 0.233333333333
936 0.2
937 0.2
938 0.2
939 0.166666666667
940 0.166666666667
941 0.166666666667
942 0.166666666667
943 0.166666666667
944 0.133333333333
945 0.133333333333
946 0.133333333333
947 0.133333333333
948 0.1
949 0.1
950 0.133333333333
951 0.1
952 0.1
953 0.1
954 0.1
955 0.1
956 0.133333333333
957 0.166666666667
958 0.166666666667
959 0.166666666667
960 0.166666666667
961 0.166666666667
962 0.133333333333
963 0.133333333333
964 0.166666666667
965 0.166666666667
966 0.166666666667
967 0.166666666667
968 0.166666666667
969 0.166666666667
970 0.166666666667
971 0.2
972 0.2
973 0.2
974 0.2
975 0.233333333333
976 0.233333333333
977 0.233333333333
978 0.233333333333
979 0.233333333333
980 0.2
981 0.2
982 0.2
983 0.233333333333
984 0.233333333333
985 0.233333333333
986 0.233333333333
987 0.2
988 0.2
989 0.2
990 0.2
991 0.2
992 0.233333333333
993 0.233333333333
994 0.2
995 0.233333333333
996 0.266666666667
997 0.266666666667
998 0.266666666667
999 0.3
1000 0.3
