30 0.566666666667
31 0.533333333333
32 0.533333333333
33 0.533333333333
34 0.533333333333
35 0.566666666667
36 0.533333333333
37 0.5
38 0.533333333333
39 0.533333333333
40 0.5
41 0.5
42 0.533333333333
43 0.533333333333
44 0.566666666667
45 0.566666666667
46 0.533333333333
47 0.566666666667
48 0.566666666667
49 0.566666666667
50 0.533333333333
51 0.533333333333
52 0.533333333333
53 0.533333333333
54 0.566666666667
55 0.566666666667
56 0.6
57 0.6
58 0.633333333333
59 0.666666666667
60 0.666666666667
61 0.666666666667
62 0.666666666667
63 0.7
64 0.7
65 0.666666666667
66 0.7
67 0.7
68 0.666666666667
69 0.7
70 0.7
71 0.7
72 0.7
73 0.666666666667
74 0.666666666667
75 0.666666666667
76 0.7
77 0.666666666667
78 0.666666666667
79 0.633333333333
80 0.633333333333
81 0.633333333333
82 0.633333333333
83 0.6
84 0.6
85 0.566666666667
86 0.533333333333
87 0.566666666667
88 0.533333333333
89 0.5
90 0.466666666667
91 0.5
92 0.5
93 0.5
94 0.5
95 0.533333333333
96 0.533333333333
97 0.566666666667
98 0.6
99 0.6
100 0.6
101 0.6
102 0.6
103 0.6
104 0.6
105 0.633333333333
106 0.633333333333
107 0.633333333333
108 0.633333333333
109 0.666666666667
110 0.666666666667
111 0.666666666667
112 0.666666666667
113 0.666666666667
114 0.666666666667
115 0.7
116 0.733333333333
117 0.733333333333
118 0.733333333333
119 0.766666666667
120 0.8
121 0.766666666667
122 0.766666666667
123 0.766666666667
124 0.733333333333
125 0.733333333333
126 0.7
127 0.7
128 0.7
129 0.7
130 0.7
131 0.7
132 0.7
133 0.7
134 0.7
135 0.7
136 0.666666666667
137 0.7
138 0.666666666667
139 0.666666666667
140 0.7
141 0.7
142 0.7
143 0.7
144 0.666666666667
145 0.666666666667
146 0.666666666667
147 0.633333333333
148 0.666666666667
149 0.633333333333
150 0.6
151 0.633333333333
152 0.633333333333
153 0.633333333333
154 0.633333333333
155 0.633333333333
156 0.666666666667
157 0.666666666667
158 0.666666666667
159 0.666666666667
160 0.7
161 0.666666666667
162 0.666666666667
163 0.666666666667
164 0.666666666667
165 0.666666666667
166 0.7
167 0.7
168 0.733333333333
169 0.7
170 0.7
171 0.7
172 0.666666666667
173 0.7
174 0.733333333333
175 0.733333333333
176 0.733333333333
177 0.766666666667
178 0.733333333333
179 0.733333333333
180 0.733333333333
181 0.733333333333
182 0.733333333333
183 0.733333333333
184 0.766666666667
185 0.766666666667
186 0.733333333333
187 0.7
188 0.666666666667
189 0.633333333333
190 0.633333333333
191 0.666666666667
192 0.666666666667
193 0.7
194 0.666666666667
195 0.633333333333
196 0.6
197 0.6
198 0.6
199 0.6
200 0.566666666667
201 0.533333333333
202 0.566666666667
203 0.566666666667
204 0.566666666667
205 0.533333333333
206 0.533333333333
207 0.5
208 0.533333333333
209 0.533333333333
210 0.566666666667
211 0.566666666667
212 0.566666666667
213 0.566666666667
214 0.533333333333
215 0.533333333333
216 0.533333333333
217 0.533333333333
218 0.566666666667
219 0.566666666667
220 0.533333333333
221 0.533333333333
222 0.533333333333
223 0.533333333333
224 0.566666666667
225 0.566666666667
226 0.6
227 0.6
228 0.566666666667
229 0.566666666667
230 0.566666666667
231 0.566666666667
232 0.566666666667
233 0.566666666667
234 0.533333333333
235 0.566666666667
236 0.566666666667
237 0.6
238 0.566666666667
239 0.6
240 0.566666666667
241 0.533333333333
242 0.533333333333
243 0.533333333333
244 0.566666666667
245 0.533333333333
246 0.533333333333
247 0.566666666667
248 0.566666666667
249 0.6
250 0.633333333333
251 0.6
252 0.6
253 0.6
254 0.566666666667
255 0.566666666667
256 0.533333333333
257 0.5
258 0.533333333333
259 0.566666666667
260 0.6
261 0.6
262 0.6
263 0.6
264 0.633333333333
265 0.633333333333
266 0.633333333333
267 0.6
268 0.633333333333
269 0.633333333333
270 0.666666666667
271 0.7
272 0.666666666667
273 0.666666666667
274 0.633333333333
275 0.633333333333
276 0.633333333333
277 0.633333333333
278 0.633333333333
279 0.633333333333
280 0.633333333333
281 0.633333333333
282 0.6
283 0.6
284 0.6
285 0.633333333333
286 0.666666666667
287 0.666666666667
288 0.666666666667
289 0.666666666667
290 0.633333333333
291 0.666666666667
292 0.666666666667
293 0.666666666667
294 0.633333333333
295 0.633333333333
296 0.6
297 0.633333333333
298 0.633333333333
299 0.6
300 0.6
301 0.6
302 0.633333333333
303 0.6
304 0.633333333333
305 0.666666666667
306 0.7
307 0.7
308 0.7
309 0.7
310 0.7
311 0.7
312 0.7
313 0.7
314 0.7
315 0.666666666667
316 0.666666666667
317 0.666666666667
318 0.633333333333
319 0.633333333333
320 0.666666666667
321 0.666666666667
322 0.633333333333
323 0.633333333333
324 0.633333333333
325 0.6
326 0.633333333333
327 0.633333333333
328 0.633333333333
329 0.633333333333
330 0.633333333333
331 0.633333333333
332 0.633333333333
333 0.666666666667
334 0.666666666667
335 0.666666666667
336 0.666666666667
337 0.666666666667
338 0.666666666667
339 0.666666666667
340 0.666666666667
341 0.7
342 0.733333333333
343 0.733333333333
344 0.766666666667
345 0.8
346 0.8
347 0.8
348 0.833333333333
349 0.8
350 0.766666666667
351 0.733333333333
352 0.733333333333
353 0.7
354 0.733333333333
355 0.766666666667
356 0.766666666667
357 0.766666666667
358 0.766666666667
359 0.8
360 0.766666666667
361 0.766666666667
362 0.766666666667
363 0.766666666667
364 0.733333333333
365 0.733333333333
366 0.733333333333
367 0.7
368 0.7
369 0.666666666667
370 0.666666666667
371 0.666666666667
372 0.666666666667
373 0.666666666667
374 0.633333333333
375 0.6
376 0.6
377 0.633333333333
378 0.633333333333
379 0.633333333333
380 0.666666666667
381 0.7
382 0.733333333333
383 0.733333333333
384 0.733333333333
385 0.733333333333
386 0.7
387 0.7
388 0.666666666667
389 0.666666666667
390 0.666666666667
391 0.666666666667
392 0.633333333333
393 0.633333333333
394 0.666666666667
395 0.633333333333
396 0.633333333333
397 0.666666666667
398 0.633333333333
399 0.666666666667
400 0.666666666667
401 0.666666666667
402 0.666666666667
403 0.633333333333
404 0.633333333333
405 0.666666666667
406 0.666666666667
407 0.633333333333
408 0.633333333333
409 0.666666666667
410 0.633333333333
411 0.633333333333
412 0.6
413 0.6
414 0.6
415 0.6
416 0.6
417 0.566666666667
418 0.6
419 0.6
420 0.633333333333
421 0.6
422 0.6
423 0.566666666667
424 0.533333333333
425 0.533333333333
426 0.5
427 0.5
428 0.533333333333
429 0.5
430 0.466666666667
431 0.466666666667
432 0.433333333333
433 0.433333333333
434 0.433333333333
435 0.4
436 0.366666666667
437 0.4
438 0.4
439 0.366666666667
440 0.4
441 0.366666666667
442 0.4
443 0.4
444 0.4
445 0.4
446 0.4
447 0.433333333333
448 0.433333333333
449 0.433333333333
450 0.4
451 0.433333333333
452 0.466666666667
453 0.5
454 0.533333333333
455 0.566666666667
456 0.6
457 0.566666666667
458 0.566666666667
459 0.6
460 0.633333333333
461 0.633333333333
462 0.666666666667
463 0.666666666667
464 0.666666666667
465 0.7
466 0.7
467 0.666666666667
468 0.666666666667
469 0.7
470 0.7
471 0.733333333333
472 0.733333333333
473 0.766666666667
474 0.766666666667
475 0.733333333333
476 0.766666666667
477 0.733333333333
478 0.7
479 0.666666666667
480 0.7
481 0.7
482 0.7
483 0.7
484 0.7
485 0.7
486 0.7
487 0.733333333333
488 0.7
489 0.7
490 0.666666666667
491 0.666666666667
492 0.633333333333
493 0.633333333333
494 0.666666666667
495 0.666666666667
496 0.7
497 0.733333333333
498 0.7
499 0.7
500 0.666666666667
501 0.633333333333
502 0.6
503 0.6
504 0.566666666667
505 0.566666666667
506 0.533333333333
507 0.533333333333
508 0.566666666667
509 0.6
510 0.6
511 0.566666666667
512 0.533333333333
513 0.5
514 0.5
515 0.5
516 0.5
517 0.5
518 0.5
519 0.466666666667
520 0.5
521 0.5
522 0.5
523 0.5
524 0.5
525 0.5
526 0.5
527 0.466666666667
528 0.5
529 0.5
530 0.533333333333
531 0.533333333333
532 0.566666666667
533 0.533333333333
534 0.566666666667
535 0.566666666667
536 0.6
537 0.6
538 0.6
539 0.6
540 0.6
541 0.633333333333
542 0.666666666667
543 0.7
544 0.7
545 0.666666666667
546 0.666666666667
547 0.666666666667
548 0.7
549 0.7
550 0.7
551 0.7
552 0.733333333333
553 0.766666666667
554 0.733333333333
555 0.7
556 0.7
557 0.733333333333
558 0.733333333333
559 0.7
560 0.7
561 0.7
562 0.666666666667
563 0.7
564 0.7
565 0.733333333333
566 0.733333333333
567 0.733333333333
568 0.733333333333
569 0.7
570 0.7
571 0.7
572 0.666666666667
573 0.666666666667
574 0.633333333333
575 0.666666666667
576 0.666666666667
577 0.633333333333
578 0.6
579 0.633333333333
580 0.633333333333
581 0.633333333333
582 0.6
583 0.566666666667
584 0.6
585 0.633333333333
586 0.633333333333
587 0.6
588 0.6
589 0.633333333333
590 0.6
591 0.6
592 0.633333333333
593 0.633333333333
594 0.633333333333
595 0.6
596 0.6
597 0.633333333333
598 0.633333333333
599 0.666666666667
600 0.666666666667
601 0.666666666667
602 0.666666666667
603 0.633333333333
604 0.666666666667
605 0.666666666667
606 0.666666666667
607 0.7
608 0.733333333333
609 0.733333333333
610 0.7
611 0.666666666667
612 0.666666666667
613 0.7
614 0.7
615 0.7
616 0.666666666667
617 0.7
618 0.7
619 0.666666666667
620 0.7
621 0.7
622 0.7
623 0.7
624 0.666666666667
625 0.666666666667
626 0.666666666667
627 0.633333333333
628 0.633333333333
629 0.6
630 0.6
631 0.566666666667
632 0.6
633 0.633333333333
634 0.6
635 0.566666666667
636 0.533333333333
637 0.533333333333
638 0.533333333333
639 0.533333333333
640 0.566666666667
641 0.566666666667
642 0.6
643 0.566666666667
644 0.533333333333
645 0.5
646 0.5
647 0.5
648 0.466666666667
649 0.5
650 0.5
651 0.5
652 0.5
653 0.466666666667
654 0.466666666667
655 0.5
656 0.5
657 0.533333333333
658 0.533333333333
659 0.566666666667
660 0.533333333333
661 0.533333333333
662 0.533333333333
663 0.533333333333
664 0.566666666667
665 0.566666666667
666 0.6
667 0.566666666667
668 0.566666666667
669 0.566666666667
670 0.566666666667
671 0.566666666667
672 0.533333333333
673 0.566666666667
674 0.6
675 0.6
676 0.633333333333
677 0.6
678 0.633333333333
679 0.6
680 0.6
681 0.633333333333
682 0.633333333333
683 0.633333333333
684 0.666666666667
685 0.666666666667
686 0.666666666667
687 0.633333333333
688 0.633333333333
689 0.6
690 0.633333333333
691 0.633333333333
692 0.633333333333
693 0.633333333333
694 0.633333333333
695 0.666666666667
696 0.633333333333
697 0.666666666667
698 0.633333333333
699 0.633333333333
700 0.633333333333
701 0.666666666667
702 0.7
703 0.666666666667
704 0.633333333333
705 0.666666666667
706 0.666666666667
707 0.666666666667
708 0.633333333333
709 0.633333333333
710 0.633333333333
711 0.6
712 0.6
713 0.633333333333
714 0.633333333333
715 0.6
716 0.566666666667
717 0.6
718 0.566666666667
719 0.566666666667
720 0.533333333333
721 0.566666666667
722 0.533333333333
723 0.533333333333
724 0.5
725 0.466666666667
726 0.5
727 0.5
728 0.533333333333
729 0.5
730 0.466666666667
731 0.433333333333
732 0.4
733 0.4
734 0.433333333333
735 0.433333333333
736 0.433333333333
737 0.433333333333
738 0.466666666667
739 0.5
740 0.5
741 0.533333333333
742 0.533333333333
743 0.533333333333
744 0.533333333333
745 0.566666666667
746 0.566666666667
747 0.566666666667
748 0.566666666667
749 0.6
750 0.633333333333
751 0.633333333333
752 0.633333333333
753 0.633333333333
754 0.633333333333
755 0.633333333333
756 0.633333333333
757 0.6
758 0.6
759 0.633333333333
760 0.666666666667
761 0.7
762 0.7
763 0.733333333333
764 0.733333333333
765 0.733333333333
766 0.733333333333
767 0.766666666667
768 0.766666666667
769 0.733333333333
770 0.733333333333
771 0.733333333333
772 0.733333333333
773 0.733333333333
774 0.733333333333
775 0.733333333333
776 0.766666666667
777 0.766666666667
778 0.8
779 0.766666666667
780 0.766666666667
781 0.766666666667
782 0.8
783 0.8
784 0.833333333333
785 0.866666666667
786 0.866666666667
787 0.9
788 0.9
789 0.9
790 0.866666666667
791 0.833333333333
792 0.833333333333
793 0.833333333333
794 0.8
795 0.766666666667
796 0.733333333333
797 0.7
798 0.7
799 0.7
800 0.666666666667
801 0.666666666667
802 0.666666666667
803 0.633333333333
804 0.6
805 0.6
806 0.6
807 0.6
808 0.566666666667
809 0.566666666667
810 0.533333333333
811 0.533333333333
812 0.533333333333
813 0.533333333333
814 0.533333333333
815 0.533333333333
816 0.533333333333
817 0.533333333333
818 0.5
819 0.5
820 0.533333333333
821 0.566666666667
822 0.566666666667
823 0.533333333333
824 0.566666666667
825 0.6
826 0.633333333333
827 0.633333333333
828 0.6
829 0.633333333333
830 0.666666666667
831 0.633333333333
832 0.633333333333
833 0.666666666667
834 0.7
835 0.7
836 0.666666666667
837 0.633333333333
838 0.666666666667
839 0.7
840 0.733333333333
841 0.7
842 0.666666666667
843 0.666666666667
844 0.666666666667
845 0.666666666667
846 0.666666666667
847 0.666666666667
848 0.7
849 0.7
850 0.7
851 0.7
852 0.7
853 0.733333333333
854 0.733333333333
855 0.733333333333
856 0.7
857 0.7
858 0.7
859 0.666666666667
860 0.666666666667
861 0.666666666667
862 0.633333333333
863 0.633333333333
864 0.6
865 0.6
866 0.633333333333
867 0.633333333333
868 0.633333333333
869 0.6
870 0.566666666667
871 0.6
872 0.6
873 0.6
874 0.566666666667
875 0.533333333333
876 0.533333333333
877 0.533333333333
878 0.5
879 0.5
880 0.466666666667
881 0.433333333333
882 0.433333333333
883 0.433333333333
884 0.4
885 0.4
886 0.433333333333
887 0.433333333333
888 0.433333333333
889 0.433333333333
890 0.433333333333
891 0.466666666667
892 0.5
893 0.466666666667
894 0.5
895 0.5
896 0.5
897 0.533333333333
898 0.533333333333
899 0.533333333333
900 0.566666666667
901 0.566666666667
902 0.566666666667
903 0.566666666667
904 0.566666666667
905 0.6
906 0.6
907 0.566666666667
908 0.6
909 0.566666666667
910 0.6
911 0.633333333333
912 0.666666666667
913 0.666666666667
914 0.666666666667
915 0.666666666667
916 0.666666666667
917 0.7
918 0.733333333333
919 0.766666666667
920 0.733333333333
921 0.733333333333
922 0.733333333333
923 0.766666666667
924 0.766666666667
925 0.766666666667
926 0.733333333333
927 0.7
928 0.7
929 0.7
930 0.7
931 0.7
932 0.7
933 0.666666666667
934 0.7
935 0.7
936 0.7
937 0.733333333333
938 0.733333333333
939 0.733333333333
940 0.733333333333
941 0.733333333333
942 0.7
943 0.666666666667
944 0.7
945 0.7
946 0.666666666667
947 0.666666666667
948 0.633333333333
949 0.633333333333
950 0.666666666667
951 0.666666666667
952 0.633333333333
953 0.6
954 0.566666666667
955 0.566666666667
956 0.566666666667
957 0.566666666667
958 0.566666666667
959 0.6
960 0.6
961 0.6
962 0.6
963 0.633333333333
964 0.633333333333
965 0.6
966 0.6
967 0.6
968 0.566666666667
969 0.6
970 0.6
971 0.566666666667
972 0.6
973 0.633333333333
974 0.633333333333
975 0.633333333333
976 0.633333333333
977 0.633333333333
978 0.666666666667
979 0.666666666667
980 0.633333333333
981 0.6
982 0.633333333333
983 0.666666666667
984 0.7
985 0.666666666667
986 0.7
987 0.733333333333
988 0.7
989 0.7
990 0.666666666667
991 0.633333333333
992 0.666666666667
993 0.666666666667
994 0.633333333333
995 0.666666666667
996 0.633333333333
997 0.633333333333
998 0.666666666667
999 0.666666666667
1000 0.666666666667
