30 0.666666666667
31 0.666666666667
32 0.633333333333
33 0.633333333333
34 0.6
35 0.6
36 0.6
37 0.633333333333
38 0.6
39 0.566666666667
40 0.533333333333
41 0.5
42 0.5
43 0.5
44 0.5
45 0.533333333333
46 0.5
47 0.5
48 0.533333333333
49 0.533333333333
50 0.5
51 0.5
52 0.466666666667
53 0.5
54 0.5
55 0.533333333333
56 0.533333333333
57 0.566666666667
58 0.566666666667
59 0.6
60 0.6
61 0.6
62 0.6
63 0.6
64 0.633333333333
65 0.666666666667
66 0.666666666667
67 0.633333333333
68 0.666666666667
69 0.666666666667
70 0.7
71 0.7
72 0.666666666667
73 0.666666666667
74 0.666666666667
75 0.633333333333
76 0.666666666667
77 0.633333333333
78 0.633333333333
79 0.6
80 0.633333333333
81 0.633333333333
82 0.666666666667
83 0.666666666667
84 0.666666666667
85 0.666666666667
86 0.666666666667
87 0.666666666667
88 0.666666666667
89 0.666666666667
90 0.7
91 0.7
92 0.7
93 0.666666666667
94 0.633333333333
95 0.633333333333
96 0.666666666667
97 0.7
98 0.7
99 0.733333333333
100 0.733333333333
101 0.766666666667
102 0.8
103 0.766666666667
104 0.766666666667
105 0.8
106 0.8
107 0.8
108 0.8
109 0.833333333333
110 0.833333333333
111 0.833333333333
112 0.833333333333
113 0.833333333333
114 0.833333333333
115 0.833333333333
116 0.8
117 0.766666666667
118 0.766666666667
119 0.733333333333
120 0.733333333333
121 0.7
122 0.733333333333
123 0.766666666667
124 0.766666666667
125 0.766666666667
126 0.733333333333
127 0.733333333333
128 0.7
129 0.7
130 0.7
131 0.666666666667
132 0.666666666667
133 0.7
134 0.7
135 0.7
136 0.7
137 0.7
138 0.666666666667
139 0.633333333333
140 0.633333333333
141 0.633333333333
142 0.633333333333
143 0.633333333333
144 0.633333333333
145 0.6
146 0.633333333333
147 0.633333333333
148 0.633333333333
149 0.666666666667
150 0.666666666667
151 0.7
152 0.7
153 0.666666666667
154 0.666666666667
155 0.666666666667
156 0.666666666667
157 0.666666666667
158 0.7
159 0.7
160 0.666666666667
161 0.7
162 0.666666666667
163 0.666666666667
164 0.666666666667
165 0.666666666667
166 0.633333333333
167 0.633333333333
168 0.666666666667
169 0.7
170 0.7
171 0.7
172 0.666666666667
173 0.633333333333
174 0.6
175 0.633333333333
176 0.633333333333
177 0.666666666667
178 0.666666666667
179 0.666666666667
180 0.633333333333
181 0.633333333333
182 0.633333333333
183 0.666666666667
184 0.7
185 0.666666666667
186 0.7
187 0.7
188 0.7
189 0.7
190 0.7
191 0.7
192 0.733333333333
193 0.733333333333
194 0.7
195 0.7
196 0.733333333333
197 0.733333333333
198 0.7
199 0.7
200 0.7
201 0.7
202 0.733333333333
203 0.733333333333
204 0.766666666667
205 0.766666666667
206 0.766666666667
207 0.766666666667
208 0.766666666667
209 0.733333333333
210 0.733333333333
211 0.7
212 0.7
213 0.7
214 0.7
215 0.733333333333
216 0.733333333333
217 0.7
218 0.7
219 0.7
220 0.7
221 0.7
222 0.7
223 0.7
224 0.733333333333
225 0.733333333333
226 0.733333333333
227 0.733333333333
228 0.733333333333
229 0.733333333333
230 0.7
231 0.7
232 0.7
233 0.7
234 0.7
235 0.666666666667
236 0.666666666667
237 0.633333333333
238 0.633333333333
239 0.666666666667
240 0.666666666667
241 0.666666666667
242 0.633333333333
243 0.633333333333
244 0.6
245 0.6
246 0.566666666667
247 0.566666666667
248 0.566666666667
249 0.566666666667
250 0.6
251 0.566666666667
252 0.533333333333
253 0.533333333333
254 0.5
255 0.5
256 0.5
257 0.533333333333
258 0.533333333333
259 0.5
260 0.533333333333
261 0.5
262 0.5
263 0.533333333333
264 0.5
265 0.533333333333
266 0.533333333333
267 0.533333333333
268 0.5
269 0.5
270 0.533333333333
271 0.566666666667
272 0.6
273 0.6
274 0.633333333333
275 0.6
276 0.633333333333
277 0.666666666667
278 0.666666666667
279 0.666666666667
280 0.633333333333
281 0.666666666667
282 0.7
283 0.666666666667
284 0.666666666667
285 0.633333333333
286 0.6
287 0.566666666667
288 0.6
289 0.633333333333
290 0.633333333333
291 0.633333333333
292 0.6
293 0.6
294 0.633333333333
295 0.633333333333
296 0.633333333333
297 0.666666666667
298 0.666666666667
299 0.666666666667
300 0.666666666667
301 0.633333333333
302 0.6
303 0.6
304 0.566666666667
305 0.6
306 0.566666666667
307 0.566666666667
308 0.566666666667
309 0.566666666667
310 0.6
311 0.566666666667
312 0.566666666667
313 0.6
314 0.633333333333
315 0.666666666667
316 0.7
317 0.733333333333
318 0.733333333333
319 0.733333333333
320 0.733333333333
321 0.766666666667
322 0.8
323 0.8
324 0.8
325 0.766666666667
326 0.766666666667
327 0.766666666667
328 0.8
329 0.8
330 0.766666666667
331 0.8
332 0.833333333333
333 0.833333333333
334 0.866666666667
335 0.866666666667
336 0.9
337 0.9
338 0.9
339 0.866666666667
340 0.866666666667
341 0.9
342 0.9
343 0.866666666667
344 0.866666666667
345 0.866666666667
346 0.833333333333
347 0.833333333333
348 0.833333333333
349 0.833333333333
350 0.8
351 0.8
352 0.8
353 0.8
354 0.766666666667
355 0.8
356 0.766666666667
357 0.766666666667
358 0.766666666667
359 0.766666666667
360 0.8
361 0.8
362 0.8
363 0.8
364 0.8
365 0.8
366 0.8
367 0.8
368 0.8
369 0.833333333333
370 0.833333333333
371 0.833333333333
372 0.833333333333
373 0.866666666667
374 0.866666666667
375 0.833333333333
376 0.833333333333
377 0.833333333333
378 0.833333333333
379 0.8
380 0.833333333333
381 0.833333333333
382 0.833333333333
383 0.8
384 0.833333333333
385 0.8
386 0.8
387 0.8
388 0.8
389 0.8
390 0.766666666667
391 0.766666666667
392 0.766666666667
393 0.766666666667
394 0.766666666667
395 0.766666666667
396 0.766666666667
397 0.733333333333
398 0.733333333333
399 0.7
400 0.7
401 0.666666666667
402 0.633333333333
403 0.633333333333
404 0.633333333333
405 0.666666666667
406 0.666666666667
407 0.666666666667
408 0.666666666667
409 0.666666666667
410 0.666666666667
411 0.666666666667
412 0.633333333333
413 0.666666666667
414 0.666666666667
415 0.7
416 0.733333333333
417 0.733333333333
418 0.733333333333
419 0.733333333333
420 0.766666666667
421 0.766666666667
422 0.733333333333
423 0.7
424 0.666666666667
425 0.633333333333
426 0.6
427 0.633333333333
428 0.6
429 0.633333333333
430 0.633333333333
431 0.666666666667
432 0.666666666667
433 0.666666666667
434 0.633333333333
435 0.633333333333
436 0.666666666667
437 0.666666666667
438 0.666666666667
439 0.7
440 0.666666666667
441 0.633333333333
442 0.666666666667
443 0.666666666667
444 0.633333333333
445 0.633333333333
446 0.6
447 0.6
448 0.566666666667
449 0.566666666667
450 0.566666666667
451 0.566666666667
452 0.6
453 0.633333333333
454 0.666666666667
455 0.7
456 0.733333333333
457 0.733333333333
458 0.733333333333
459 0.733333333333
460 0.7
461 0.7
462 0.733333333333
463 0.733333333333
464 0.766666666667
465 0.766666666667
466 0.733333333333
467 0.7
468 0.7
469 0.7
470 0.733333333333
471 0.766666666667
472 0.766666666667
473 0.733333333333
474 0.766666666667
475 0.766666666667
476 0.8
477 0.8
478 0.833333333333
479 0.833333333333
480 0.8
481 0.8
482 0.8
483 0.8
484 0.8
485 0.8
486 0.8
487 0.8
488 0.833333333333
489 0.833333333333
490 0.866666666667
491 0.866666666667
492 0.833333333333
493 0.833333333333
494 0.833333333333
495 0.833333333333
496 0.833333333333
497 0.833333333333
498 0.833333333333
499 0.8
500 0.766666666667
501 0.733333333333
502 0.733333333333
503 0.766666666667
504 0.766666666667
505 0.733333333333
506 0.733333333333
507 0.733333333333
508 0.733333333333
509 0.733333333333
510 0.766666666667
511 0.766666666667
512 0.766666666667
513 0.766666666667
514 0.766666666667
515 0.733333333333
516 0.7
517 0.666666666667
518 0.633333333333
519 0.6
520 0.6
521 0.6
522 0.633333333333
523 0.633333333333
524 0.633333333333
525 0.633333333333
526 0.633333333333
527 0.666666666667
528 0.633333333333
529 0.666666666667
530 0.666666666667
531 0.7
532 0.7
533 0.666666666667
534 0.666666666667
535 0.7
536 0.7
537 0.7
538 0.7
539 0.7
540 0.666666666667
541 0.633333333333
542 0.633333333333
543 0.6
544 0.566666666667
545 0.6
546 0.6
547 0.6
548 0.6
549 0.633333333333
550 0.633333333333
551 0.633333333333
552 0.6
553 0.566666666667
554 0.566666666667
555 0.566666666667
556 0.6
557 0.6
558 0.633333333333
559 0.633333333333
560 0.666666666667
561 0.633333333333
562 0.633333333333
563 0.666666666667
564 0.633333333333
565 0.633333333333
566 0.633333333333
567 0.633333333333
568 0.633333333333
569 0.633333333333
570 0.666666666667
571 0.7
572 0.7
573 0.733333333333
574 0.733333333333
575 0.733333333333
576 0.766666666667
577 0.766666666667
578 0.766666666667
579 0.766666666667
580 0.766666666667
581 0.766666666667
582 0.8
583 0.8
584 0.8
585 0.766666666667
586 0.733333333333
587 0.733333333333
588 0.733333333333
589 0.733333333333
590 0.733333333333
591 0.733333333333
592 0.7
593 0.7
594 0.733333333333
595 0.733333333333
596 0.733333333333
597 0.733333333333
598 0.733333333333
599 0.733333333333
600 0.733333333333
601 0.733333333333
602 0.733333333333
603 0.733333333333
604 0.733333333333
605 0.733333333333
606 0.733333333333
607 0.766666666667
608 0.8
609 0.8
610 0.8
611 0.8
612 0.8
613 0.8
614 0.8
615 0.833333333333
616 0.866666666667
617 0.866666666667
618 0.866666666667
619 0.833333333333
620 0.8
621 0.833333333333
622 0.866666666667
623 0.866666666667
624 0.866666666667
625 0.866666666667
626 0.866666666667
627 0.866666666667
628 0.866666666667
629 0.866666666667
630 0.833333333333
631 0.833333333333
632 0.8
633 0.8
634 0.833333333333
635 0.833333333333
636 0.8
637 0.8
638 0.8
639 0.766666666667
640 0.766666666667
641 0.766666666667
642 0.733333333333
643 0.766666666667
644 0.733333333333
645 0.733333333333
646 0.7
647 0.7
648 0.666666666667
649 0.7
650 0.733333333333
651 0.733333333333
652 0.733333333333
653 0.733333333333
654 0.733333333333
655 0.7
656 0.7
657 0.7
658 0.7
659 0.7
660 0.7
661 0.7
662 0.733333333333
663 0.733333333333
664 0.733333333333
665 0.733333333333
666 0.766666666667
667 0.733333333333
668 0.7
669 0.733333333333
670 0.733333333333
671 0.733333333333
672 0.733333333333
673 0.733333333333
674 0.766666666667
675 0.766666666667
676 0.766666666667
677 0.766666666667
678 0.766666666667
679 0.766666666667
680 0.733333333333
681 0.733333333333
682 0.7
683 0.7
684 0.7
685 0.7
686 0.7
687 0.666666666667
688 0.666666666667
689 0.666666666667
690 0.666666666667
691 0.633333333333
692 0.633333333333
693 0.633333333333
694 0.633333333333
695 0.6
696 0.6
697 0.633333333333
698 0.666666666667
699 0.666666666667
700 0.666666666667
701 0.666666666667
702 0.666666666667
703 0.633333333333
704 0.6
705 0.6
706 0.633333333333
707 0.6
708 0.6
709 0.566666666667
710 0.6
711 0.6
712 0.633333333333
713 0.6
714 0.6
715 0.633333333333
716 0.633333333333
717 0.666666666667
718 0.666666666667
719 0.666666666667
720 0.7
721 0.7
722 0.7
723 0.7
724 0.7
725 0.733333333333
726 0.733333333333
727 0.733333333333
728 0.733333333333
729 0.733333333333
730 0.7
731 0.7
732 0.7
733 0.7
734 0.7
735 0.7
736 0.7
737 0.733333333333
738 0.766666666667
739 0.8
740 0.8
741 0.8
742 0.8
743 0.833333333333
744 0.833333333333
745 0.833333333333
746 0.833333333333
747 0.833333333333
748 0.833333333333
749 0.833333333333
750 0.833333333333
751 0.866666666667
752 0.866666666667
753 0.866666666667
754 0.833333333333
755 0.8
756 0.8
757 0.766666666667
758 0.733333333333
759 0.733333333333
760 0.766666666667
761 0.766666666667
762 0.766666666667
763 0.8
764 0.833333333333
765 0.8
766 0.766666666667
767 0.766666666667
768 0.733333333333
769 0.733333333333
770 0.7
771 0.7
772 0.7
773 0.7
774 0.666666666667
775 0.666666666667
776 0.633333333333
777 0.633333333333
778 0.6
779 0.566666666667
780 0.566666666667
781 0.566666666667
782 0.566666666667
783 0.566666666667
784 0.6
785 0.6
786 0.6
787 0.633333333333
788 0.633333333333
789 0.6
790 0.6
791 0.6
792 0.6
793 0.6
794 0.566666666667
795 0.566666666667
796 0.566666666667
797 0.566666666667
798 0.6
799 0.566666666667
800 0.6
801 0.6
802 0.6
803 0.566666666667
804 0.6
805 0.566666666667
806 0.6
807 0.6
808 0.633333333333
809 0.633333333333
810 0.6
811 0.6
812 0.566666666667
813 0.566666666667
814 0.566666666667
815 0.6
816 0.6
817 0.6
818 0.6
819 0.633333333333
820 0.633333333333
821 0.633333333333
822 0.666666666667
823 0.666666666667
824 0.666666666667
825 0.7
826 0.7
827 0.7
828 0.7
829 0.7
830 0.7
831 0.666666666667
832 0.666666666667
833 0.7
834 0.7
835 0.7
836 0.7
837 0.7
838 0.7
839 0.7
840 0.733333333333
841 0.733333333333
842 0.766666666667
843 0.766666666667
844 0.733333333333
845 0.7
846 0.7
847 0.7
848 0.733333333333
849 0.733333333333
850 0.7
851 0.7
852 0.7
853 0.666666666667
854 0.666666666667
855 0.666666666667
856 0.666666666667
857 0.633333333333
858 0.633333333333
859 0.666666666667
860 0.666666666667
861 0.7
862 0.666666666667
863 0.633333333333
864 0.6
865 0.6
866 0.6
867 0.6
868 0.6
869 0.633333333333
870 0.6
871 0.6
872 0.6
873 0.6
874 0.6
875 0.633333333333
876 0.6
877 0.6
878 0.6
879 0.6
880 0.633333333333
881 0.633333333333
882 0.6
883 0.633333333333
884 0.666666666667
885 0.666666666667
886 0.7
887 0.7
888 0.666666666667
889 0.666666666667
890 0.666666666667
891 0.666666666667
892 0.7
893 0.733333333333
894 0.766666666667
895 0.8
896 0.766666666667
897 0.766666666667
898 0.766666666667
899 0.766666666667
900 0.8
901 0.8
902 0.8
903 0.8
904 0.8
905 0.8
906 0.833333333333
907 0.833333333333
908 0.8
909 0.8
910 0.8
911 0.8
912 0.833333333333
913 0.8
914 0.8
915 0.8
916 0.8
917 0.833333333333
918 0.866666666667
919 0.866666666667
920 0.833333333333
921 0.833333333333
922 0.833333333333
923 0.833333333333
924 0.833333333333
925 0.833333333333
926 0.866666666667
927 0.833333333333
928 0.8
929 0.8
930 0.8
931 0.8
932 0.8
933 0.8
934 0.833333333333
935 0.833333333333
936 0.8
937 0.8
938 0.833333333333
939 0.833333333333
940 0.833333333333
941 0.833333333333
942 0.833333333333
943 0.866666666667
944 0.866666666667
945 0.833333333333
946 0.8
947 0.8
948 0.766666666667
949 0.766666666667
950 0.8
951 0.8
952 0.8
953 0.8
954 0.8
955 0.766666666667
956 0.766666666667
957 0.8
958 0.8
959 0.8
960 0.8
961 0.8
962 0.766666666667
963 0.766666666667
964 0.766666666667
965 0.766666666667
966 0.8
967 0.766666666667
968 0.733333333333
969 0.7
970 0.7
971 0.666666666667
972 0.666666666667
973 0.666666666667
974 0.666666666667
975 0.7
976 0.733333333333
977 0.7
978 0.733333333333
979 0.733333333333
980 0.7
981 0.7
982 0.7
983 0.666666666667
984 0.666666666667
985 0.7
986 0.7
987 0.7
988 0.733333333333
989 0.733333333333
990 0.733333333333
991 0.7
992 0.733333333333
993 0.733333333333
994 0.733333333333
995 0.7
996 0.7
997 0.733333333333
998 0.733333333333
999 0.766666666667
1000 0.766666666667
