30 0.733333333333
31 0.733333333333
32 0.733333333333
33 0.733333333333
34 0.7
35 0.733333333333
36 0.7
37 0.7
38 0.7
39 0.7
40 0.7
41 0.666666666667
42 0.7
43 0.7
44 0.7
45 0.733333333333
46 0.733333333333
47 0.766666666667
48 0.766666666667
49 0.766666666667
50 0.766666666667
51 0.766666666667
52 0.733333333333
53 0.766666666667
54 0.733333333333
55 0.733333333333
56 0.733333333333
57 0.733333333333
58 0.7
59 0.7
60 0.733333333333
61 0.733333333333
62 0.733333333333
63 0.7
64 0.733333333333
65 0.733333333333
66 0.766666666667
67 0.8
68 0.8
69 0.8
70 0.8
71 0.833333333333
72 0.8
73 0.8
74 0.8
75 0.766666666667
76 0.766666666667
77 0.766666666667
78 0.766666666667
79 0.766666666667
80 0.733333333333
81 0.733333333333
82 0.766666666667
83 0.766666666667
84 0.766666666667
85 0.766666666667
86 0.766666666667
87 0.733333333333
88 0.766666666667
89 0.766666666667
90 0.766666666667
91 0.766666666667
92 0.766666666667
93 0.766666666667
94 0.766666666667
95 0.766666666667
96 0.766666666667
97 0.766666666667
98 0.766666666667
99 0.766666666667
100 0.733333333333
101 0.733333333333
102 0.766666666667
103 0.766666666667
104 0.766666666667
105 0.8
106 0.8
107 0.8
108 0.766666666667
109 0.733333333333
110 0.733333333333
111 0.766666666667
112 0.766666666667
113 0.733333333333
114 0.766666666667
115 0.766666666667
116 0.766666666667
117 0.8
118 0.766666666667
119 0.733333333333
120 0.733333333333
121 0.733333333333
122 0.733333333333
123 0.766666666667
124 0.766666666667
125 0.766666666667
126 0.766666666667
127 0.733333333333
128 0.733333333333
129 0.733333333333
130 0.766666666667
131 0.733333333333
132 0.733333333333
133 0.733333333333
134 0.733333333333
135 0.733333333333
136 0.733333333333
137 0.733333333333
138 0.766666666667
139 0.8
140 0.833333333333
141 0.833333333333
142 0.8
143 0.8
144 0.8
145 0.8
146 0.8
147 0.8
148 0.833333333333
149 0.833333333333
150 0.8
151 0.8
152 0.766666666667
153 0.766666666667
154 0.766666666667
155 0.733333333333
156 0.733333333333
157 0.766666666667
158 0.766666666667
159 0.766666666667
160 0.766666666667
161 0.8
162 0.8
163 0.8
164 0.8
165 0.8
166 0.8
167 0.8
168 0.766666666667
169 0.766666666667
170 0.766666666667
171 0.766666666667
172 0.8
173 0.833333333333
174 0.833333333333
175 0.833333333333
176 0.833333333333
177 0.833333333333
178 0.8
179 0.833333333333
180 0.866666666667
181 0.866666666667
182 0.9
183 0.9
184 0.9
185 0.933333333333
186 0.933333333333
187 0.933333333333
188 0.933333333333
189 0.933333333333
190 0.933333333333
191 0.933333333333
192 0.9
193 0.9
194 0.9
195 0.866666666667
196 0.866666666667
197 0.833333333333
198 0.866666666667
199 0.833333333333
200 0.833333333333
201 0.833333333333
202 0.833333333333
203 0.833333333333
204 0.8
205 0.8
206 0.8
207 0.8
208 0.833333333333
209 0.8
210 0.8
211 0.8
212 0.8
213 0.8
214 0.8
215 0.766666666667
216 0.766666666667
217 0.766666666667
218 0.733333333333
219 0.733333333333
220 0.7
221 0.7
222 0.733333333333
223 0.7
224 0.7
225 0.733333333333
226 0.733333333333
227 0.766666666667
228 0.766666666667
229 0.8
230 0.766666666667
231 0.766666666667
232 0.733333333333
233 0.7
234 0.733333333333
235 0.733333333333
236 0.7
237 0.7
238 0.666666666667
239 0.7
240 0.666666666667
241 0.633333333333
242 0.633333333333
243 0.633333333333
244 0.633333333333
245 0.666666666667
246 0.666666666667
247 0.666666666667
248 0.666666666667
249 0.666666666667
250 0.666666666667
251 0.633333333333
252 0.633333333333
253 0.666666666667
254 0.666666666667
255 0.633333333333
256 0.633333333333
257 0.633333333333
258 0.633333333333
259 0.6
260 0.633333333333
261 0.633333333333
262 0.633333333333
263 0.666666666667
264 0.666666666667
265 0.666666666667
266 0.7
267 0.7
268 0.733333333333
269 0.7
270 0.733333333333
271 0.733333333333
272 0.733333333333
273 0.733333333333
274 0.7
275 0.666666666667
276 0.633333333333
277 0.633333333333
278 0.666666666667
279 0.633333333333
280 0.666666666667
281 0.7
282 0.7
283 0.7
284 0.7
285 0.7
286 0.7
287 0.666666666667
288 0.666666666667
289 0.7
290 0.666666666667
291 0.633333333333
292 0.666666666667
293 0.666666666667
294 0.633333333333
295 0.633333333333
296 0.633333333333
297 0.6
298 0.6
299 0.633333333333
300 0.6
301 0.633333333333
302 0.633333333333
303 0.633333333333
304 0.666666666667
305 0.7
306 0.733333333333
307 0.733333333333
308 0.733333333333
309 0.766666666667
310 0.766666666667
311 0.733333333333
312 0.7
313 0.666666666667
314 0.666666666667
315 0.7
316 0.7
317 0.733333333333
318 0.733333333333
319 0.733333333333
320 0.733333333333
321 0.766666666667
322 0.766666666667
323 0.766666666667
324 0.8
325 0.8
326 0.8
327 0.833333333333
328 0.833333333333
329 0.833333333333
330 0.866666666667
331 0.866666666667
332 0.866666666667
333 0.866666666667
334 0.833333333333
335 0.833333333333
336 0.833333333333
337 0.833333333333
338 0.833333333333
339 0.833333333333
340 0.8
341 0.833333333333
342 0.866666666667
343 0.9
344 0.866666666667
345 0.866666666667
346 0.866666666667
347 0.866666666667
348 0.866666666667
349 0.833333333333
350 0.866666666667
351 0.866666666667
352 0.866666666667
353 0.866666666667
354 0.866666666667
355 0.833333333333
356 0.833333333333
357 0.833333333333
358 0.8
359 0.8
360 0.8
361 0.766666666667
362 0.766666666667
363 0.766666666667
364 0.8
365 0.8
366 0.8
367 0.766666666667
368 0.766666666667
369 0.733333333333
370 0.733333333333
371 0.733333333333
372 0.733333333333
373 0.733333333333
374 0.766666666667
375 0.733333333333
376 0.733333333333
377 0.733333333333
378 0.733333333333
379 0.766666666667
380 0.766666666667
381 0.766666666667
382 0.733333333333
383 0.733333333333
384 0.7
385 0.7
386 0.7
387 0.7
388 0.7
389 0.7
390 0.7
391 0.7
392 0.666666666667
393 0.633333333333
394 0.633333333333
395 0.633333333333
396 0.633333333333
397 0.666666666667
398 0.666666666667
399 0.7
400 0.733333333333
401 0.733333333333
402 0.7
403 0.7
404 0.666666666667
405 0.7
406 0.7
407 0.7
408 0.666666666667
409 0.666666666667
410 0.633333333333
411 0.6
412 0.633333333333
413 0.633333333333
414 0.633333333333
415 0.666666666667
416 0.666666666667
417 0.633333333333
418 0.633333333333
419 0.6
420 0.6
421 0.6
422 0.6
423 0.633333333333
424 0.6
425 0.566666666667
426 0.566666666667
427 0.566666666667
428 0.566666666667
429 0.566666666667
430 0.566666666667
431 0.533333333333
432 0.566666666667
433 0.533333333333
434 0.533333333333
435 0.533333333333
436 0.533333333333
437 0.533333333333
438 0.566666666667
439 0.566666666667
440 0.566666666667
441 0.6
442 0.6
443 0.566666666667
444 0.6
445 0.6
446 0.6
447 0.633333333333
448 0.633333333333
449 0.633333333333
450 0.6
451 0.633333333333
452 0.666666666667
453 0.666666666667
454 0.7
455 0.733333333333
456 0.733333333333
457 0.733333333333
458 0.733333333333
459 0.7
460 0.7
461 0.733333333333
462 0.7
463 0.733333333333
464 0.766666666667
465 0.766666666667
466 0.766666666667
467 0.766666666667
468 0.766666666667
469 0.733333333333
470 0.766666666667
471 0.766666666667
472 0.733333333333
473 0.733333333333
474 0.733333333333
475 0.733333333333
476 0.733333333333
477 0.733333333333
478 0.766666666667
479 0.8
480 0.833333333333
481 0.833333333333
482 0.8
483 0.8
484 0.8
485 0.766666666667
486 0.766666666667
487 0.766666666667
488 0.766666666667
489 0.8
490 0.766666666667
491 0.733333333333
492 0.766666666667
493 0.766666666667
494 0.766666666667
495 0.766666666667
496 0.766666666667
497 0.733333333333
498 0.733333333333
499 0.733333333333
500 0.733333333333
501 0.733333333333
502 0.766666666667
503 0.8
504 0.8
505 0.8
506 0.8
507 0.8
508 0.8
509 0.8
510 0.8
511 0.8
512 0.833333333333
513 0.833333333333
514 0.833333333333
515 0.833333333333
516 0.833333333333
517 0.8
518 0.8
519 0.766666666667
520 0.766666666667
521 0.8
522 0.8
523 0.8
524 0.8
525 0.766666666667
526 0.733333333333
527 0.733333333333
528 0.7
529 0.733333333333
530 0.733333333333
531 0.733333333333
532 0.733333333333
533 0.733333333333
534 0.733333333333
535 0.733333333333
536 0.733333333333
537 0.733333333333
538 0.733333333333
539 0.7
540 0.666666666667
541 0.666666666667
542 0.633333333333
543 0.633333333333
544 0.6
545 0.633333333333
546 0.6
547 0.633333333333
548 0.6
549 0.6
550 0.633333333333
551 0.633333333333
552 0.633333333333
553 0.6
554 0.566666666667
555 0.6
556 0.633333333333
557 0.633333333333
558 0.666666666667
559 0.633333333333
560 0.633333333333
561 0.633333333333
562 0.633333333333
563 0.6
564 0.6
565 0.6
566 0.566666666667
567 0.566666666667
568 0.533333333333
569 0.566666666667
570 0.566666666667
571 0.533333333333
572 0.566666666667
573 0.533333333333
574 0.566666666667
575 0.566666666667
576 0.6
577 0.6
578 0.633333333333
579 0.666666666667
580 0.666666666667
581 0.633333333333
582 0.633333333333
583 0.666666666667
584 0.7
585 0.7
586 0.7
587 0.733333333333
588 0.733333333333
589 0.766666666667
590 0.766666666667
591 0.766666666667
592 0.766666666667
593 0.8
594 0.766666666667
595 0.733333333333
596 0.766666666667
597 0.766666666667
598 0.8
599 0.8
600 0.833333333333
601 0.833333333333
602 0.833333333333
603 0.866666666667
604 0.833333333333
605 0.833333333333
606 0.833333333333
607 0.833333333333
608 0.833333333333
609 0.8
610 0.8
611 0.833333333333
612 0.8
613 0.8
614 0.8
615 0.766666666667
616 0.766666666667
617 0.766666666667
618 0.733333333333
619 0.733333333333
620 0.733333333333
621 0.733333333333
622 0.7
623 0.666666666667
624 0.7
625 0.733333333333
626 0.733333333333
627 0.733333333333
628 0.7
629 0.7
630 0.7
631 0.733333333333
632 0.733333333333
633 0.733333333333
634 0.733333333333
635 0.733333333333
636 0.733333333333
637 0.733333333333
638 0.7
639 0.733333333333
640 0.733333333333
641 0.7
642 0.733333333333
643 0.733333333333
644 0.733333333333
645 0.766666666667
646 0.766666666667
647 0.766666666667
648 0.766666666667
649 0.766666666667
650 0.766666666667
651 0.733333333333
652 0.766666666667
653 0.766666666667
654 0.766666666667
655 0.733333333333
656 0.733333333333
657 0.733333333333
658 0.766666666667
659 0.766666666667
660 0.766666666667
661 0.733333333333
662 0.733333333333
663 0.733333333333
664 0.733333333333
665 0.733333333333
666 0.733333333333
667 0.7
668 0.733333333333
669 0.733333333333
670 0.733333333333
671 0.733333333333
672 0.733333333333
673 0.7
674 0.7
675 0.7
676 0.7
677 0.7
678 0.7
679 0.666666666667
680 0.633333333333
681 0.666666666667
682 0.633333333333
683 0.633333333333
684 0.633333333333
685 0.666666666667
686 0.666666666667
687 0.633333333333
688 0.6
689 0.566666666667
690 0.566666666667
691 0.566666666667
692 0.533333333333
693 0.533333333333
694 0.533333333333
695 0.533333333333
696 0.533333333333
697 0.566666666667
698 0.566666666667
699 0.566666666667
700 0.533333333333
701 0.566666666667
702 0.566666666667
703 0.6
704 0.566666666667
705 0.566666666667
706 0.566666666667
707 0.566666666667
708 0.566666666667
709 0.6
710 0.633333333333
711 0.6
712 0.633333333333
713 0.666666666667
714 0.666666666667
715 0.666666666667
716 0.666666666667
717 0.666666666667
718 0.7
719 0.7
720 0.7
721 0.7
722 0.7
723 0.666666666667
724 0.666666666667
725 0.666666666667
726 0.666666666667
727 0.666666666667
728 0.633333333333
729 0.633333333333
730 0.633333333333
731 0.633333333333
732 0.633333333333
733 0.6
734 0.633333333333
735 0.633333333333
736 0.633333333333
737 0.633333333333
738 0.633333333333
739 0.633333333333
740 0.6
741 0.633333333333
742 0.633333333333
743 0.633333333333
744 0.6
745 0.566666666667
746 0.533333333333
747 0.533333333333
748 0.533333333333
749 0.566666666667
750 0.566666666667
751 0.6
752 0.633333333333
753 0.666666666667
754 0.7
755 0.666666666667
756 0.666666666667
757 0.666666666667
758 0.7
759 0.7
760 0.7
761 0.7
762 0.7
763 0.7
764 0.666666666667
765 0.633333333333
766 0.6
767 0.566666666667
768 0.6
769 0.566666666667
770 0.566666666667
771 0.566666666667
772 0.566666666667
773 0.566666666667
774 0.6
775 0.633333333333
776 0.666666666667
777 0.7
778 0.666666666667
779 0.666666666667
780 0.633333333333
781 0.633333333333
782 0.633333333333
783 0.633333333333
784 0.633333333333
785 0.666666666667
786 0.633333333333
787 0.6
788 0.6
789 0.6
790 0.633333333333
791 0.633333333333
792 0.6
793 0.633333333333
794 0.666666666667
795 0.7
796 0.7
797 0.733333333333
798 0.733333333333
799 0.733333333333
800 0.733333333333
801 0.733333333333
802 0.733333333333
803 0.733333333333
804 0.733333333333
805 0.7
806 0.7
807 0.666666666667
808 0.7
809 0.7
810 0.733333333333
811 0.7
812 0.7
813 0.7
814 0.7
815 0.7
816 0.733333333333
817 0.733333333333
818 0.733333333333
819 0.733333333333
820 0.733333333333
821 0.7
822 0.733333333333
823 0.733333333333
824 0.733333333333
825 0.733333333333
826 0.766666666667
827 0.766666666667
828 0.766666666667
829 0.8
830 0.833333333333
831 0.833333333333
832 0.833333333333
833 0.833333333333
834 0.833333333333
835 0.833333333333
836 0.833333333333
837 0.866666666667
838 0.866666666667
839 0.833333333333
840 0.833333333333
841 0.833333333333
842 0.8
843 0.8
844 0.8
845 0.8
846 0.766666666667
847 0.8
848 0.8
849 0.8
850 0.766666666667
851 0.8
852 0.8
853 0.8
854 0.8
855 0.8
856 0.8
857 0.766666666667
858 0.766666666667
859 0.766666666667
860 0.733333333333
861 0.7
862 0.7
863 0.7
864 0.7
865 0.733333333333
866 0.733333333333
867 0.7
868 0.7
869 0.733333333333
870 0.733333333333
871 0.733333333333
872 0.733333333333
873 0.733333333333
874 0.733333333333
875 0.733333333333
876 0.733333333333
877 0.733333333333
878 0.733333333333
879 0.733333333333
880 0.766666666667
881 0.733333333333
882 0.733333333333
883 0.7
884 0.7
885 0.666666666667
886 0.633333333333
887 0.666666666667
888 0.666666666667
889 0.666666666667
890 0.7
891 0.7
892 0.7
893 0.7
894 0.7
895 0.7
896 0.7
897 0.733333333333
898 0.7
899 0.7
900 0.7
901 0.733333333333
902 0.766666666667
903 0.733333333333
904 0.7
905 0.7
906 0.7
907 0.7
908 0.7
909 0.666666666667
910 0.666666666667
911 0.7
912 0.7
913 0.733333333333
914 0.733333333333
915 0.766666666667
916 0.8
917 0.766666666667
918 0.733333333333
919 0.7
920 0.7
921 0.733333333333
922 0.733333333333
923 0.733333333333
924 0.733333333333
925 0.733333333333
926 0.733333333333
927 0.7
928 0.733333333333
929 0.733333333333
930 0.7
931 0.7
932 0.666666666667
933 0.7
934 0.733333333333
935 0.7
936 0.7
937 0.666666666667
938 0.666666666667
939 0.7
940 0.7
941 0.7
942 0.7
943 0.7
944 0.666666666667
945 0.666666666667
946 0.666666666667
947 0.666666666667
948 0.666666666667
949 0.7
950 0.7
951 0.666666666667
952 0.633333333333
953 0.6
954 0.566666666667
955 0.533333333333
956 0.533333333333
957 0.566666666667
958 0.533333333333
959 0.5
960 0.533333333333
961 0.533333333333
962 0.566666666667
963 0.566666666667
964 0.566666666667
965 0.6
966 0.6
967 0.633333333333
968 0.6
969 0.6
970 0.566666666667
971 0.566666666667
972 0.566666666667
973 0.566666666667
974 0.6
975 0.6
976 0.6
977 0.633333333333
978 0.666666666667
979 0.666666666667
980 0.633333333333
981 0.666666666667
982 0.7
983 0.733333333333
984 0.766666666667
985 0.8
986 0.766666666667
987 0.733333333333
988 0.733333333333
989 0.766666666667
990 0.766666666667
991 0.766666666667
992 0.766666666667
993 0.766666666667
994 0.733333333333
995 0.733333333333
996 0.766666666667
997 0.766666666667
998 0.766666666667
999 0.766666666667
1000 0.8
