30 0.7
31 0.7
32 0.7
33 0.733333333333
34 0.766666666667
35 0.733333333333
36 0.7
37 0.7
38 0.7
39 0.7
40 0.7
41 0.7
42 0.733333333333
43 0.7
44 0.7
45 0.7
46 0.7
47 0.7
48 0.7
49 0.733333333333
50 0.7
51 0.7
52 0.666666666667
53 0.666666666667
54 0.666666666667
55 0.633333333333
56 0.666666666667
57 0.633333333333
58 0.6
59 0.566666666667
60 0.533333333333
61 0.5
62 0.5
63 0.466666666667
64 0.433333333333
65 0.466666666667
66 0.5
67 0.466666666667
68 0.466666666667
69 0.466666666667
70 0.466666666667
71 0.466666666667
72 0.433333333333
73 0.466666666667
74 0.433333333333
75 0.433333333333
76 0.4
77 0.4
78 0.433333333333
79 0.433333333333
80 0.466666666667
81 0.466666666667
82 0.5
83 0.5
84 0.533333333333
85 0.533333333333
86 0.533333333333
87 0.566666666667
88 0.6
89 0.6
90 0.633333333333
91 0.633333333333
92 0.6
93 0.6
94 0.633333333333
95 0.633333333333
96 0.6
97 0.633333333333
98 0.6
99 0.6
100 0.566666666667
101 0.566666666667
102 0.566666666667
103 0.566666666667
104 0.566666666667
105 0.533333333333
106 0.566666666667
107 0.6
108 0.6
109 0.6
110 0.6
111 0.633333333333
112 0.633333333333
113 0.633333333333
114 0.6
115 0.633333333333
116 0.633333333333
117 0.633333333333
118 0.633333333333
119 0.666666666667
120 0.666666666667
121 0.7
122 0.733333333333
123 0.733333333333
124 0.733333333333
125 0.733333333333
126 0.766666666667
127 0.766666666667
128 0.766666666667
129 0.766666666667
130 0.766666666667
131 0.766666666667
132 0.8
133 0.8
134 0.8
135 0.833333333333
136 0.833333333333
137 0.8
138 0.766666666667
139 0.766666666667
140 0.766666666667
141 0.733333333333
142 0.733333333333
143 0.733333333333
144 0.766666666667
145 0.733333333333
146 0.7
147 0.7
148 0.7
149 0.666666666667
150 0.666666666667
151 0.666666666667
152 0.666666666667
153 0.7
154 0.7
155 0.7
156 0.7
157 0.7
158 0.7
159 0.7
160 0.733333333333
161 0.7
162 0.666666666667
163 0.633333333333
164 0.633333333333
165 0.6
166 0.566666666667
167 0.6
168 0.6
169 0.6
170 0.6
171 0.633333333333
172 0.6
173 0.6
174 0.6
175 0.6
176 0.633333333333
177 0.6
178 0.566666666667
179 0.6
180 0.566666666667
181 0.533333333333
182 0.533333333333
183 0.533333333333
184 0.5
185 0.466666666667
186 0.466666666667
187 0.466666666667
188 0.5
189 0.5
190 0.466666666667
191 0.5
192 0.533333333333
193 0.533333333333
194 0.566666666667
195 0.566666666667
196 0.6
197 0.6
198 0.633333333333
199 0.633333333333
200 0.6
201 0.6
202 0.633333333333
203 0.633333333333
204 0.633333333333
205 0.633333333333
206 0.633333333333
207 0.666666666667
208 0.666666666667
209 0.666666666667
210 0.7
211 0.7
212 0.7
213 0.666666666667
214 0.7
215 0.7
216 0.7
217 0.666666666667
218 0.666666666667
219 0.633333333333
220 0.633333333333
221 0.633333333333
222 0.633333333333
223 0.666666666667
224 0.633333333333
225 0.633333333333
226 0.633333333333
227 0.6
228 0.6
229 0.566666666667
230 0.566666666667
231 0.566666666667
232 0.566666666667
233 0.533333333333
234 0.533333333333
235 0.566666666667
236 0.533333333333
237 0.533333333333
238 0.533333333333
239 0.533333333333
240 0.5
241 0.533333333333
242 0.533333333333
243 0.533333333333
244 0.533333333333
245 0.566666666667
246 0.566666666667
247 0.6
248 0.566666666667
249 0.6
250 0.633333333333
251 0.633333333333
252 0.633333333333
253 0.6
254 0.6
255 0.633333333333
256 0.633333333333
257 0.633333333333
258 0.633333333333
259 0.633333333333
260 0.633333333333
261 0.6
262 0.6
263 0.633333333333
264 0.633333333333
265 0.633333333333
266 0.633333333333
267 0.6
268 0.633333333333
269 0.633333333333
270 0.666666666667
271 0.666666666667
272 0.633333333333
273 0.666666666667
274 0.666666666667
275 0.666666666667
276 0.666666666667
277 0.666666666667
278 0.7
279 0.7
280 0.7
281 0.7
282 0.7
283 0.733333333333
284 0.766666666667
285 0.766666666667
286 0.733333333333
287 0.766666666667
288 0.733333333333
289 0.733333333333
290 0.766666666667
291 0.8
292 0.766666666667
293 0.766666666667
294 0.766666666667
295 0.766666666667
296 0.8
297 0.833333333333
298 0.8
299 0.766666666667
300 0.766666666667
301 0.733333333333
302 0.766666666667
303 0.733333333333
304 0.733333333333
305 0.733333333333
306 0.733333333333
307 0.7
308 0.666666666667
309 0.633333333333
310 0.6
311 0.566666666667
312 0.533333333333
313 0.533333333333
314 0.533333333333
315 0.5
316 0.533333333333
317 0.533333333333
318 0.566666666667
319 0.6
320 0.6
321 0.6
322 0.633333333333
323 0.633333333333
324 0.6
325 0.566666666667
326 0.566666666667
327 0.566666666667
328 0.566666666667
329 0.566666666667
330 0.533333333333
331 0.533333333333
332 0.5
333 0.5
334 0.466666666667
335 0.466666666667
336 0.466666666667
337 0.5
338 0.533333333333
339 0.566666666667
340 0.566666666667
341 0.566666666667
342 0.566666666667
343 0.566666666667
344 0.533333333333
345 0.566666666667
346 0.533333333333
347 0.5
348 0.5
349 0.5
350 0.5
351 0.466666666667
352 0.433333333333
353 0.4
354 0.433333333333
355 0.466666666667
356 0.466666666667
357 0.433333333333
358 0.466666666667
359 0.5
360 0.533333333333
361 0.566666666667
362 0.6
363 0.633333333333
364 0.666666666667
365 0.666666666667
366 0.666666666667
367 0.633333333333
368 0.633333333333
369 0.633333333333
370 0.666666666667
371 0.7
372 0.7
373 0.666666666667
374 0.7
375 0.666666666667
376 0.7
377 0.733333333333
378 0.7
379 0.7
380 0.7
381 0.733333333333
382 0.766666666667
383 0.766666666667
384 0.733333333333
385 0.7
386 0.7
387 0.733333333333
388 0.733333333333
389 0.733333333333
390 0.7
391 0.666666666667
392 0.633333333333
393 0.6
394 0.6
395 0.6
396 0.6
397 0.6
398 0.566666666667
399 0.566666666667
400 0.566666666667
401 0.533333333333
402 0.566666666667
403 0.566666666667
404 0.566666666667
405 0.566666666667
406 0.566666666667
407 0.533333333333
408 0.533333333333
409 0.533333333333
410 0.5
411 0.466666666667
412 0.433333333333
413 0.466666666667
414 0.5
415 0.533333333333
416 0.533333333333
417 0.533333333333
418 0.5
419 0.466666666667
420 0.5
421 0.533333333333
422 0.566666666667
423 0.6
424 0.566666666667
425 0.566666666667
426 0.566666666667
427 0.6
428 0.633333333333
429 0.6
430 0.566666666667
431 0.6
432 0.566666666667
433 0.566666666667
434 0.533333333333
435 0.566666666667
436 0.533333333333
437 0.566666666667
438 0.566666666667
439 0.566666666667
440 0.6
441 0.6
442 0.6
443 0.6
444 0.6
445 0.566666666667
446 0.566666666667
447 0.533333333333
448 0.566666666667
449 0.566666666667
450 0.566666666667
451 0.533333333333
452 0.533333333333
453 0.533333333333
454 0.533333333333
455 0.533333333333
456 0.5
457 0.466666666667
458 0.433333333333
459 0.466666666667
460 0.466666666667
461 0.466666666667
462 0.466666666667
463 0.5
464 0.5
465 0.5
466 0.5
467 0.5
468 0.533333333333
469 0.533333333333
470 0.5
471 0.5
472 0.533333333333
473 0.5
474 0.5
475 0.5
476 0.466666666667
477 0.5
478 0.5
479 0.533333333333
480 0.5
481 0.5
482 0.5
483 0.466666666667
484 0.5
485 0.5
486 0.5
487 0.5
488 0.5
489 0.466666666667
490 0.466666666667
491 0.466666666667
492 0.466666666667
493 0.466666666667
494 0.5
495 0.5
496 0.533333333333
497 0.5
498 0.5
499 0.5
500 0.5
501 0.533333333333
502 0.5
503 0.5
504 0.5
505 0.5
506 0.5
507 0.5
508 0.5
509 0.5
510 0.533333333333
511 0.566666666667
512 0.566666666667
513 0.566666666667
514 0.566666666667
515 0.566666666667
516 0.6
517 0.6
518 0.633333333333
519 0.666666666667
520 0.666666666667
521 0.666666666667
522 0.7
523 0.7
524 0.666666666667
525 0.666666666667
526 0.666666666667
527 0.7
528 0.7
529 0.666666666667
530 0.7
531 0.7
532 0.7
533 0.7
534 0.666666666667
535 0.666666666667
536 0.666666666667
537 0.666666666667
538 0.666666666667
539 0.633333333333
540 0.633333333333
541 0.6
542 0.566666666667
543 0.6
544 0.566666666667
545 0.566666666667
546 0.566666666667
547 0.6
548 0.6
549 0.566666666667
550 0.6
551 0.566666666667
552 0.533333333333
553 0.5
554 0.533333333333
555 0.533333333333
556 0.5
557 0.5
558 0.5
559 0.533333333333
560 0.533333333333
561 0.533333333333
562 0.566666666667
563 0.6
564 0.6
565 0.633333333333
566 0.666666666667
567 0.666666666667
568 0.666666666667
569 0.666666666667
570 0.666666666667
571 0.666666666667
572 0.7
573 0.666666666667
574 0.7
575 0.7
576 0.7
577 0.7
578 0.666666666667
579 0.7
580 0.7
581 0.733333333333
582 0.766666666667
583 0.8
584 0.766666666667
585 0.733333333333
586 0.733333333333
587 0.733333333333
588 0.733333333333
589 0.733333333333
590 0.733333333333
591 0.733333333333
592 0.733333333333
593 0.7
594 0.7
595 0.7
596 0.666666666667
597 0.666666666667
598 0.666666666667
599 0.7
600 0.7
601 0.733333333333
602 0.733333333333
603 0.733333333333
604 0.733333333333
605 0.7
606 0.7
607 0.7
608 0.7
609 0.7
610 0.7
611 0.7
612 0.666666666667
613 0.666666666667
614 0.7
615 0.7
616 0.733333333333
617 0.7
618 0.666666666667
619 0.666666666667
620 0.666666666667
621 0.666666666667
622 0.666666666667
623 0.7
624 0.733333333333
625 0.733333333333
626 0.766666666667
627 0.766666666667
628 0.766666666667
629 0.766666666667
630 0.733333333333
631 0.7
632 0.7
633 0.733333333333
634 0.7
635 0.733333333333
636 0.7
637 0.7
638 0.7
639 0.666666666667
640 0.666666666667
641 0.666666666667
642 0.7
643 0.7
644 0.7
645 0.733333333333
646 0.7
647 0.7
648 0.7
649 0.666666666667
650 0.633333333333
651 0.6
652 0.566666666667
653 0.533333333333
654 0.533333333333
655 0.533333333333
656 0.5
657 0.5
658 0.466666666667
659 0.466666666667
660 0.466666666667
661 0.5
662 0.466666666667
663 0.466666666667
664 0.466666666667
665 0.433333333333
666 0.466666666667
667 0.466666666667
668 0.466666666667
669 0.5
670 0.466666666667
671 0.466666666667
672 0.466666666667
673 0.433333333333
674 0.433333333333
675 0.433333333333
676 0.466666666667
677 0.5
678 0.5
679 0.5
680 0.5
681 0.533333333333
682 0.533333333333
683 0.566666666667
684 0.533333333333
685 0.533333333333
686 0.566666666667
687 0.566666666667
688 0.6
689 0.6
690 0.6
691 0.6
692 0.633333333333
693 0.6
694 0.633333333333
695 0.666666666667
696 0.633333333333
697 0.633333333333
698 0.633333333333
699 0.6
700 0.633333333333
701 0.633333333333
702 0.6
703 0.633333333333
704 0.6
705 0.6
706 0.566666666667
707 0.566666666667
708 0.6
709 0.633333333333
710 0.666666666667
711 0.633333333333
712 0.633333333333
713 0.6
714 0.6
715 0.566666666667
716 0.566666666667
717 0.566666666667
718 0.566666666667
719 0.566666666667
720 0.566666666667
721 0.566666666667
722 0.566666666667
723 0.566666666667
724 0.566666666667
725 0.533333333333
726 0.533333333333
727 0.533333333333
728 0.566666666667
729 0.566666666667
730 0.566666666667
731 0.566666666667
732 0.6
733 0.6
734 0.633333333333
735 0.633333333333
736 0.666666666667
737 0.666666666667
738 0.666666666667
739 0.633333333333
740 0.6
741 0.633333333333
742 0.633333333333
743 0.633333333333
744 0.666666666667
745 0.7
746 0.7
747 0.7
748 0.666666666667
749 0.633333333333
750 0.666666666667
751 0.666666666667
752 0.633333333333
753 0.666666666667
754 0.666666666667
755 0.7
756 0.733333333333
757 0.733333333333
758 0.7
759 0.733333333333
760 0.733333333333
761 0.7
762 0.666666666667
763 0.666666666667
764 0.666666666667
765 0.666666666667
766 0.666666666667
767 0.666666666667
768 0.666666666667
769 0.666666666667
770 0.666666666667
771 0.666666666667
772 0.666666666667
773 0.666666666667
774 0.633333333333
775 0.633333333333
776 0.633333333333
777 0.6
778 0.6
779 0.633333333333
780 0.6
781 0.566666666667
782 0.6
783 0.566666666667
784 0.533333333333
785 0.5
786 0.5
787 0.466666666667
788 0.5
789 0.5
790 0.5
791 0.5
792 0.533333333333
793 0.533333333333
794 0.533333333333
795 0.533333333333
796 0.5
797 0.5
798 0.5
799 0.533333333333
800 0.566666666667
801 0.533333333333
802 0.566666666667
803 0.6
804 0.6
805 0.6
806 0.6
807 0.633333333333
808 0.666666666667
809 0.666666666667
810 0.7
811 0.7
812 0.666666666667
813 0.7
814 0.733333333333
815 0.733333333333
816 0.733333333333
817 0.733333333333
818 0.7
819 0.7
820 0.666666666667
821 0.666666666667
822 0.633333333333
823 0.633333333333
824 0.633333333333
825 0.6
826 0.633333333333
827 0.6
828 0.6
829 0.566666666667
830 0.533333333333
831 0.566666666667
832 0.533333333333
833 0.533333333333
834 0.566666666667
835 0.566666666667
836 0.566666666667
837 0.533333333333
838 0.533333333333
839 0.533333333333
840 0.533333333333
841 0.566666666667
842 0.6
843 0.566666666667
844 0.533333333333
845 0.566666666667
846 0.566666666667
847 0.6
848 0.6
849 0.6
850 0.633333333333
851 0.666666666667
852 0.7
853 0.666666666667
854 0.666666666667
855 0.7
856 0.7
857 0.733333333333
858 0.7
859 0.733333333333
860 0.733333333333
861 0.733333333333
862 0.766666666667
863 0.766666666667
864 0.733333333333
865 0.733333333333
866 0.733333333333
867 0.733333333333
868 0.733333333333
869 0.733333333333
870 0.7
871 0.666666666667
872 0.633333333333
873 0.666666666667
874 0.666666666667
875 0.666666666667
876 0.666666666667
877 0.633333333333
878 0.633333333333
879 0.6
880 0.6
881 0.566666666667
882 0.566666666667
883 0.566666666667
884 0.566666666667
885 0.566666666667
886 0.533333333333
887 0.5
888 0.533333333333
889 0.533333333333
890 0.566666666667
891 0.533333333333
892 0.533333333333
893 0.533333333333
894 0.533333333333
895 0.5
896 0.5
897 0.533333333333
898 0.5
899 0.466666666667
900 0.466666666667
901 0.5
902 0.533333333333
903 0.533333333333
904 0.566666666667
905 0.533333333333
906 0.5
907 0.5
908 0.533333333333
909 0.566666666667
910 0.566666666667
911 0.6
912 0.566666666667
913 0.566666666667
914 0.566666666667
915 0.566666666667
916 0.6
917 0.633333333333
918 0.633333333333
919 0.6
920 0.6
921 0.633333333333
922 0.633333333333
923 0.6
924 0.633333333333
925 0.666666666667
926 0.633333333333
927 0.633333333333
928 0.633333333333
929 0.633333333333
930 0.666666666667
931 0.633333333333
932 0.633333333333
933 0.6
934 0.6
935 0.633333333333
936 0.633333333333
937 0.666666666667
938 0.666666666667
939 0.666666666667
940 0.666666666667
941 0.666666666667
942 0.666666666667
943 0.666666666667
944 0.666666666667
945 0.633333333333
946 0.633333333333
947 0.633333333333
948 0.633333333333
949 0.633333333333
950 0.6
951 0.566666666667
952 0.566666666667
953 0.566666666667
954 0.566666666667
955 0.566666666667
956 0.6
957 0.566666666667
958 0.566666666667
959 0.566666666667
960 0.566666666667
961 0.6
962 0.6
963 0.633333333333
964 0.633333333333
965 0.633333333333
966 0.666666666667
967 0.666666666667
968 0.633333333333
969 0.633333333333
970 0.633333333333
971 0.6
972 0.6
973 0.6
974 0.6
975 0.633333333333
976 0.633333333333
977 0.633333333333
978 0.633333333333
979 0.666666666667
980 0.7
981 0.733333333333
982 0.7
983 0.7
984 0.7
985 0.7
986 0.7
987 0.7
988 0.733333333333
989 0.766666666667
990 0.733333333333
991 0.733333333333
992 0.7
993 0.7
994 0.666666666667
995 0.666666666667
996 0.666666666667
997 0.666666666667
998 0.7
999 0.666666666667
1000 0.633333333333
