30 0.233333333333
31 0.266666666667
32 0.266666666667
33 0.233333333333
34 0.233333333333
35 0.233333333333
36 0.233333333333
37 0.266666666667
38 0.3
39 0.3
40 0.3
41 0.3
42 0.3
43 0.3
44 0.333333333333
45 0.3
46 0.3
47 0.3
48 0.3
49 0.333333333333
50 0.333333333333
51 0.3
52 0.3
53 0.333333333333
54 0.3
55 0.3
56 0.3
57 0.266666666667
58 0.233333333333
59 0.233333333333
60 0.266666666667
61 0.266666666667
62 0.3
63 0.3
64 0.3
65 0.3
66 0.266666666667
67 0.233333333333
68 0.233333333333
69 0.266666666667
70 0.266666666667
71 0.266666666667
72 0.3
73 0.3
74 0.3
75 0.333333333333
76 0.366666666667
77 0.366666666667
78 0.4
79 0.366666666667
80 0.366666666667
81 0.366666666667
82 0.366666666667
83 0.366666666667
84 0.366666666667
85 0.366666666667
86 0.366666666667
87 0.366666666667
88 0.366666666667
89 0.366666666667
90 0.333333333333
91 0.3
92 0.3
93 0.3
94 0.3
95 0.3
96 0.333333333333
97 0.333333333333
98 0.333333333333
99 0.3
100 0.3
101 0.3
102 0.266666666667
103 0.266666666667
104 0.266666666667
105 0.233333333333
106 0.2
107 0.233333333333
108 0.233333333333
109 0.233333333333
110 0.233333333333
111 0.233333333333
112 0.233333333333
113 0.2
114 0.2
115 0.2
116 0.2
117 0.2
118 0.233333333333
119 0.266666666667
120 0.266666666667
121 0.266666666667
122 0.233333333333
123 0.233333333333
124 0.233333333333
125 0.266666666667
126 0.233333333333
127 0.233333333333
128 0.2
129 0.2
130 0.2
131 0.233333333333
132 0.233333333333
133 0.266666666667
134 0.233333333333
135 0.233333333333
136 0.266666666667
137 0.233333333333
138 0.2
139 0.2
140 0.233333333333
141 0.266666666667
142 0.266666666667
143 0.3
144 0.3
145 0.3
146 0.3
147 0.3
148 0.266666666667
149 0.233333333333
150 0.233333333333
151 0.266666666667
152 0.3
153 0.3
154 0.3
155 0.3
156 0.333333333333
157 0.333333333333
158 0.333333333333
159 0.333333333333
160 0.366666666667
161 0.366666666667
162 0.366666666667
163 0.333333333333
164 0.333333333333
165 0.333333333333
166 0.3
167 0.3
168 0.3
169 0.333333333333
170 0.333333333333
171 0.3
172 0.3
173 0.266666666667
174 0.266666666667
175 0.266666666667
176 0.266666666667
177 0.266666666667
178 0.3
179 0.333333333333
180 0.333333333333
181 0.3
182 0.3
183 0.333333333333
184 0.333333333333
185 0.3
186 0.266666666667
187 0.266666666667
188 0.266666666667
189 0.266666666667
190 0.233333333333
191 0.2
192 0.2
193 0.2
194 0.2
195 0.2
196 0.2
197 0.2
198 0.2
199 0.166666666667
200 0.166666666667
201 0.166666666667
202 0.166666666667
203 0.166666666667
204 0.2
205 0.2
206 0.2
207 0.2
208 0.166666666667
209 0.133333333333
210 0.133333333333
211 0.133333333333
212 0.1
213 0.0666666666667
214 0.0666666666667
215 0.0666666666667
216 0.0666666666667
217 0.0666666666667
218 0.0666666666667
219 0.0666666666667
220 0.1
221 0.1
222 0.1
223 0.133333333333
224 0.133333333333
225 0.133333333333
226 0.166666666667
227 0.166666666667
228 0.166666666667
229 0.166666666667
230 0.166666666667
231 0.166666666667
232 0.166666666667
233 0.166666666667
234 0.133333333333
235 0.133333333333
236 0.133333333333
237 0.166666666667
238 0.166666666667
239 0.166666666667
240 0.166666666667
241 0.2
242 0.2
243 0.2
244 0.2
245 0.2
246 0.2
247 0.2
248 0.233333333333
249 0.266666666667
250 0.233333333333
251 0.233333333333
252 0.233333333333
253 0.2
254 0.2
255 0.233333333333
256 0.2
257 0.2
258 0.2
259 0.2
260 0.166666666667
261 0.166666666667
262 0.166666666667
263 0.166666666667
264 0.166666666667
265 0.166666666667
266 0.166666666667
267 0.133333333333
268 0.133333333333
269 0.133333333333
270 0.166666666667
271 0.133333333333
272 0.166666666667
273 0.166666666667
274 0.166666666667
275 0.166666666667
276 0.2
277 0.2
278 0.166666666667
279 0.166666666667
280 0.166666666667
281 0.166666666667
282 0.166666666667
283 0.166666666667
284 0.166666666667
285 0.133333333333
286 0.133333333333
287 0.133333333333
288 0.133333333333
289 0.166666666667
290 0.166666666667
291 0.166666666667
292 0.166666666667
293 0.2
294 0.2
295 0.2
296 0.2
297 0.233333333333
298 0.233333333333
299 0.266666666667
300 0.233333333333
301 0.233333333333
302 0.233333333333
303 0.266666666667
304 0.266666666667
305 0.266666666667
306 0.233333333333
307 0.233333333333
308 0.266666666667
309 0.233333333333
310 0.233333333333
311 0.233333333333
312 0.266666666667
313 0.266666666667
314 0.266666666667
315 0.3
316 0.3
317 0.3
318 0.3
319 0.266666666667
320 0.3
321 0.333333333333
322 0.366666666667
323 0.333333333333
324 0.333333333333
325 0.333333333333
326 0.366666666667
327 0.333333333333
328 0.333333333333
329 0.3
330 0.3
331 0.3
332 0.266666666667
333 0.266666666667
334 0.266666666667
335 0.3
336 0.3
337 0.3
338 0.266666666667
339 0.3
340 0.3
341 0.3
342 0.3
343 0.333333333333
344 0.366666666667
345 0.366666666667
346 0.366666666667
347 0.366666666667
348 0.366666666667
349 0.366666666667
350 0.333333333333
351 0.333333333333
352 0.3
353 0.3
354 0.3
355 0.333333333333
356 0.3
357 0.333333333333
358 0.333333333333
359 0.333333333333
360 0.333333333333
361 0.366666666667
362 0.366666666667
363 0.366666666667
364 0.366666666667
365 0.366666666667
366 0.4
367 0.4
368 0.433333333333
369 0.433333333333
370 0.433333333333
371 0.433333333333
372 0.433333333333
373 0.4
374 0.366666666667
375 0.333333333333
376 0.366666666667
377 0.366666666667
378 0.4
379 0.4
380 0.4
381 0.4
382 0.4
383 0.433333333333
384 0.466666666667
385 0.433333333333
386 0.433333333333
387 0.433333333333
388 0.466666666667
389 0.466666666667
390 0.466666666667
391 0.433333333333
392 0.433333333333
393 0.4
394 0.4
395 0.366666666667
396 0.333333333333
397 0.333333333333
398 0.333333333333
399 0.3
400 0.3
401 0.3
402 0.266666666667
403 0.266666666667
404 0.266666666667
405 0.266666666667
406 0.233333333333
407 0.233333333333
408 0.233333333333
409 0.233333333333
410 0.233333333333
411 0.2
412 0.2
413 0.166666666667
414 0.166666666667
415 0.2
416 0.2
417 0.2
418 0.166666666667
419 0.166666666667
420 0.166666666667
421 0.166666666667
422 0.166666666667
423 0.166666666667
424 0.166666666667
425 0.166666666667
426 0.2
427 0.2
428 0.2
429 0.2
430 0.2
431 0.2
432 0.2
433 0.2
434 0.2
435 0.2
436 0.2
437 0.2
438 0.166666666667
439 0.166666666667
440 0.166666666667
441 0.166666666667
442 0.166666666667
443 0.166666666667
444 0.166666666667
445 0.133333333333
446 0.166666666667
447 0.166666666667
448 0.166666666667
449 0.166666666667
450 0.166666666667
451 0.166666666667
452 0.166666666667
453 0.166666666667
454 0.166666666667
455 0.2
456 0.166666666667
457 0.166666666667
458 0.133333333333
459 0.133333333333
460 0.133333333333
461 0.133333333333
462 0.133333333333
463 0.133333333333
464 0.133333333333
465 0.133333333333
466 0.133333333333
467 0.133333333333
468 0.166666666667
469 0.2
470 0.233333333333
471 0.233333333333
472 0.233333333333
473 0.266666666667
474 0.233333333333
475 0.233333333333
476 0.2
477 0.166666666667
478 0.166666666667
479 0.166666666667
480 0.166666666667
481 0.166666666667
482 0.2
483 0.2
484 0.2
485 0.2
486 0.233333333333
487 0.233333333333
488 0.233333333333
489 0.266666666667
490 0.266666666667
491 0.3
492 0.3
493 0.3
494 0.3
495 0.3
496 0.3
497 0.3
498 0.266666666667
499 0.233333333333
500 0.2
501 0.2
502 0.2
503 0.166666666667
504 0.2
505 0.233333333333
506 0.233333333333
507 0.266666666667
508 0.266666666667
509 0.3
510 0.333333333333
511 0.333333333333
512 0.333333333333
513 0.333333333333
514 0.366666666667
515 0.366666666667
516 0.333333333333
517 0.333333333333
518 0.333333333333
519 0.333333333333
520 0.333333333333
521 0.3
522 0.3
523 0.3
524 0.333333333333
525 0.333333333333
526 0.333333333333
527 0.333333333333
528 0.366666666667
529 0.366666666667
530 0.366666666667
531 0.366666666667
532 0.4
533 0.4
534 0.366666666667
535 0.366666666667
536 0.366666666667
537 0.333333333333
538 0.333333333333
539 0.3
540 0.266666666667
541 0.266666666667
542 0.233333333333
543 0.233333333333
544 0.2
545 0.2
546 0.2
547 0.2
548 0.2
549 0.166666666667
550 0.166666666667
551 0.166666666667
552 0.166666666667
553 0.2
554 0.166666666667
555 0.166666666667
556 0.166666666667
557 0.166666666667
558 0.166666666667
559 0.166666666667
560 0.166666666667
561 0.166666666667
562 0.133333333333
563 0.133333333333
564 0.133333333333
565 0.1
566 0.133333333333
567 0.166666666667
568 0.166666666667
569 0.2
570 0.2
571 0.2
572 0.2
573 0.2
574 0.2
575 0.166666666667
576 0.2
577 0.2
578 0.2
579 0.2
580 0.233333333333
581 0.266666666667
582 0.266666666667
583 0.266666666667
584 0.3
585 0.3
586 0.3
587 0.333333333333
588 0.333333333333
589 0.333333333333
590 0.333333333333
591 0.333333333333
592 0.333333333333
593 0.333333333333
594 0.333333333333
595 0.366666666667
596 0.366666666667
597 0.366666666667
598 0.366666666667
599 0.333333333333
600 0.366666666667
601 0.366666666667
602 0.4
603 0.4
604 0.4
605 0.4
606 0.4
607 0.4
608 0.433333333333
609 0.433333333333
610 0.4
611 0.366666666667
612 0.4
613 0.4
614 0.366666666667
615 0.4
616 0.433333333333
617 0.4
618 0.4
619 0.4
620 0.4
621 0.4
622 0.4
623 0.4
624 0.433333333333
625 0.4
626 0.4
627 0.366666666667
628 0.4
629 0.433333333333
630 0.433333333333
631 0.433333333333
632 0.4
633 0.4
634 0.433333333333
635 0.433333333333
636 0.4
637 0.4
638 0.4
639 0.4
640 0.433333333333
641 0.466666666667
642 0.433333333333
643 0.433333333333
644 0.433333333333
645 0.4
646 0.366666666667
647 0.366666666667
648 0.366666666667
649 0.366666666667
650 0.366666666667
651 0.366666666667
652 0.4
653 0.4
654 0.366666666667
655 0.366666666667
656 0.333333333333
657 0.366666666667
658 0.333333333333
659 0.3
660 0.266666666667
661 0.3
662 0.3
663 0.333333333333
664 0.333333333333
665 0.333333333333
666 0.333333333333
667 0.333333333333
668 0.3
669 0.3
670 0.266666666667
671 0.266666666667
672 0.266666666667
673 0.233333333333
674 0.266666666667
675 0.266666666667
676 0.3
677 0.3
678 0.3
679 0.3
680 0.3
681 0.333333333333
682 0.3
683 0.3
684 0.3
685 0.3
686 0.3
687 0.266666666667
688 0.3
689 0.3
690 0.3
691 0.266666666667
692 0.3
693 0.266666666667
694 0.233333333333
695 0.233333333333
696 0.233333333333
697 0.233333333333
698 0.266666666667
699 0.3
700 0.3
701 0.266666666667
702 0.266666666667
703 0.266666666667
704 0.233333333333
705 0.233333333333
706 0.2
707 0.2
708 0.166666666667
709 0.166666666667
710 0.166666666667
711 0.166666666667
712 0.2
713 0.233333333333
714 0.233333333333
715 0.233333333333
716 0.233333333333
717 0.233333333333
718 0.2
719 0.233333333333
720 0.233333333333
721 0.233333333333
722 0.2
723 0.2
724 0.233333333333
725 0.266666666667
726 0.266666666667
727 0.266666666667
728 0.266666666667
729 0.233333333333
730 0.233333333333
731 0.233333333333
732 0.233333333333
733 0.266666666667
734 0.266666666667
735 0.266666666667
736 0.266666666667
737 0.266666666667
738 0.266666666667
739 0.3
740 0.3
741 0.266666666667
742 0.233333333333
743 0.2
744 0.2
745 0.2
746 0.2
747 0.2
748 0.2
749 0.166666666667
750 0.2
751 0.2
752 0.2
753 0.2
754 0.166666666667
755 0.133333333333
756 0.133333333333
757 0.133333333333
758 0.1
759 0.1
760 0.1
761 0.1
762 0.133333333333
763 0.1
764 0.1
765 0.1
766 0.1
767 0.1
768 0.1
769 0.0666666666667
770 0.1
771 0.1
772 0.1
773 0.1
774 0.1
775 0.1
776 0.1
777 0.1
778 0.1
779 0.1
780 0.0666666666667
781 0.0666666666667
782 0.0666666666667
783 0.0666666666667
784 0.1
785 0.1
786 0.133333333333
787 0.133333333333
788 0.133333333333
789 0.133333333333
790 0.133333333333
791 0.166666666667
792 0.133333333333
793 0.166666666667
794 0.166666666667
795 0.166666666667
796 0.166666666667
797 0.166666666667
798 0.2
799 0.2
800 0.166666666667
801 0.166666666667
802 0.166666666667
803 0.166666666667
804 0.166666666667
805 0.2
806 0.2
807 0.2
808 0.2
809 0.2
810 0.2
811 0.2
812 0.233333333333
813 0.233333333333
814 0.2
815 0.2
816 0.166666666667
817 0.2
818 0.2
819 0.2
820 0.2
821 0.166666666667
822 0.166666666667
823 0.133333333333
824 0.133333333333
825 0.133333333333
826 0.166666666667
827 0.166666666667
828 0.133333333333
829 0.166666666667
830 0.2
831 0.2
832 0.233333333333
833 0.233333333333
834 0.233333333333
835 0.2
836 0.2
837 0.2
838 0.2
839 0.2
840 0.2
841 0.2
842 0.166666666667
843 0.166666666667
844 0.166666666667
845 0.2
846 0.2
847 0.166666666667
848 0.166666666667
849 0.2
850 0.2
851 0.2
852 0.233333333333
853 0.233333333333
854 0.233333333333
855 0.233333333333
856 0.2
857 0.233333333333
858 0.233333333333
859 0.2
860 0.166666666667
861 0.166666666667
862 0.133333333333
863 0.166666666667
864 0.166666666667
865 0.166666666667
866 0.166666666667
867 0.166666666667
868 0.166666666667
869 0.2
870 0.2
871 0.233333333333
872 0.233333333333
873 0.233333333333
874 0.233333333333
875 0.233333333333
876 0.233333333333
877 0.266666666667
878 0.266666666667
879 0.233333333333
880 0.233333333333
881 0.233333333333
882 0.2
883 0.2
884 0.2
885 0.2
886 0.2
887 0.166666666667
888 0.166666666667
889 0.166666666667
890 0.166666666667
891 0.2
892 0.2
893 0.166666666667
894 0.166666666667
895 0.2
896 0.2
897 0.2
898 0.233333333333
899 0.233333333333
900 0.233333333333
901 0.2
902 0.2
903 0.233333333333
904 0.266666666667
905 0.266666666667
906 0.266666666667
907 0.266666666667
908 0.266666666667
909 0.266666666667
910 0.266666666667
911 0.3
912 0.3
913 0.333333333333
914 0.366666666667
915 0.366666666667
916 0.366666666667
917 0.366666666667
918 0.366666666667
919 0.366666666667
920 0.366666666667
921 0.333333333333
922 0.366666666667
923 0.366666666667
924 0.366666666667
925 0.366666666667
926 0.4
927 0.4
928 0.4
929 0.366666666667
930 0.366666666667
931 0.366666666667
932 0.4
933 0.4
934 0.366666666667
935 0.333333333333
936 0.333333333333
937 0.3
938 0.3
939 0.3
940 0.333333333333
941 0.3
942 0.3
943 0.266666666667
944 0.233333333333
945 0.233333333333
946 0.233333333333
947 0.233333333333
948 0.233333333333
949 0.233333333333
950 0.233333333333
951 0.233333333333
952 0.2
953 0.2
954 0.2
955 0.166666666667
956 0.133333333333
957 0.133333333333
958 0.133333333333
959 0.133333333333
960 0.133333333333
961 0.133333333333
962 0.1
963 0.0666666666667
964 0.1
965 0.1
966 0.1
967 0.1
968 0.1
969 0.1
970 0.0666666666667
971 0.0666666666667
972 0.0666666666667
973 0.0666666666667
974 0.0666666666667
975 0.0666666666667
976 0.0666666666667
977 0.0666666666667
978 0.0666666666667
979 0.0666666666667
980 0.1
981 0.133333333333
982 0.166666666667
983 0.166666666667
984 0.166666666667
985 0.2
986 0.233333333333
987 0.233333333333
988 0.2
989 0.2
990 0.2
991 0.233333333333
992 0.266666666667
993 0.266666666667
994 0.233333333333
995 0.233333333333
996 0.233333333333
997 0.266666666667
998 0.266666666667
999 0.266666666667
1000 0.266666666667
